0 0
0.1 0.00208737
0.2 0.00357623
0.3 0.00405022
0.4 0.0046898
0.5 0.0050046
0.6 0.00494306
0.7 0.00510321
0.8 0.00510426
0.9 0.00527046
1 0.00570451
1.1 0.00577132
1.2 0.00602849
1.3 0.00600793
1.4 0.00588497
1.5 0.00609294
1.6 0.00605441
1.7 0.00615959
1.8 0.0061838
1.9 0.00635224
2 0.00625946
2.1 0.00633159
2.2 0.00632814
2.3 0.00642086
2.4 0.00620895
2.5 0.00600294
2.6 0.00607431
2.7 0.00616245
2.8 0.00636988
2.9 0.00705624
3 0.00679616
3.1 0.00701478
3.2 0.00656816
3.3 0.00673527
3.4 0.00663506
3.5 0.00699183
3.6 0.00715581
3.7 0.00761673
3.8 0.00755737
3.9 0.00768578
4 0.00769466
4.1 0.00744972
4.2 0.00763776
4.3 0.00779178
4.4 0.00781521
4.5 0.00800482
4.6 0.00829627
4.7 0.00776986
4.8 0.00800542
4.9 0.00788089
5 0.0077884
5.1 0.0079678
5.2 0.0078892
5.3 0.00812859
5.4 0.00774679
5.5 0.00770182
5.6 0.00784956
5.7 0.0082309
5.8 0.0081157
5.9 0.00794783
6 0.00817067
6.1 0.00813179
6.2 0.0078137
6.3 0.00811108
6.4 0.00799702
6.5 0.0089224
6.6 0.00922201
6.7 0.00884703
6.8 0.00886146
6.9 0.00890858
7 0.00897406
7.1 0.00889811
7.2 0.00900311
7.3 0.0089953
7.4 0.00909926
7.5 0.00926746
7.6 0.0094894
7.7 0.00969357
7.8 0.00957041
7.9 0.00943363
8 0.00932458
8.1 0.00937626
8.2 0.0092413
8.3 0.009749
8.4 0.0100675
8.5 0.00982967
8.6 0.00988555
8.7 0.0098142
8.8 0.0100644
8.9 0.0100957
9 0.0100805
9.1 0.0105642
9.2 0.00998123
9.3 0.0103831
9.4 0.0104345
9.5 0.0106678
9.6 0.0103907
9.7 0.0106965
9.8 0.0105772
9.9 0.0102055
10 0.0107582
10.1 0.0107149
10.2 0.0107034
10.3 0.0110588
10.4 0.0107391
10.5 0.0109035
10.6 0.0106109
10.7 0.0104865
10.8 0.0104641
10.9 0.0108937
11 0.0110643
11.1 0.0110543
11.2 0.0110943
11.3 0.0108278
11.4 0.0110765
11.5 0.0108024
11.6 0.0105534
11.7 0.0110945
11.8 0.0110973
11.9 0.0117598
12 0.0118858
12.1 0.0115556
12.2 0.0117902
12.3 0.0121634
12.4 0.0121382
12.5 0.0121817
12.6 0.012289
12.7 0.0118545
12.8 0.0116714
12.9 0.011854
13 0.0115888
13.1 0.0117939
13.2 0.011425
13.3 0.0119512
13.4 0.0123481
13.5 0.0119754
13.6 0.0122255
13.7 0.0121616
13.8 0.0124501
13.9 0.0126057
14 0.012347
14.1 0.0121761
14.2 0.0116206
14.3 0.01204
14.4 0.0115779
14.5 0.0120051
14.6 0.0126223
14.7 0.012229
14.8 0.012001
14.9 0.0121528
15 0.0123827
15.1 0.0129392
15.2 0.012383
15.3 0.0120393
15.4 0.0120171
15.5 0.0123789
15.6 0.0124336
15.7 0.0121985
15.8 0.0125589
15.9 0.0127947
16 0.0126201
16.1 0.0126535
16.2 0.0126491
16.3 0.0126784
16.4 0.0127528
16.5 0.0126816
16.6 0.0124488
16.7 0.0124132
16.8 0.0123201
16.9 0.0122109
17 0.0124934
17.1 0.0126793
17.2 0.0129166
17.3 0.0130856
17.4 0.0133303
17.5 0.0129242
17.6 0.0126818
17.7 0.0127891
17.8 0.013035
17.9 0.0129511
18 0.012985
18.1 0.0134037
18.2 0.0128512
18.3 0.0132334
18.4 0.0129803
18.5 0.0133378
18.6 0.014187
18.7 0.0138402
18.8 0.0137837
18.9 0.0129033
19 0.0134514
19.1 0.0135167
19.2 0.0138671
19.3 0.0139866
19.4 0.013775
19.5 0.0137128
19.6 0.0137843
19.7 0.0134059
19.8 0.0132654
19.9 0.0130166
20 0.0128667
20.1 0.013818
20.2 0.0135682
20.3 0.0137009
20.4 0.0138019
20.5 0.014068
20.6 0.0145899
20.7 0.0140851
20.8 0.0140924
20.9 0.013778
21 0.0142991
21.1 0.0147822
21.2 0.0145342
21.3 0.0144221
21.4 0.0151007
21.5 0.0152626
21.6 0.0150548
21.7 0.0148335
21.8 0.0144644
21.9 0.0141807
22 0.0141968
22.1 0.0146166
22.2 0.0145469
22.3 0.0143049
22.4 0.0139427
22.5 0.0140539
22.6 0.0145011
22.7 0.0145356
22.8 0.0150778
22.9 0.0150579
23 0.0153157
23.1 0.0157716
23.2 0.0153484
23.3 0.0154832
23.4 0.0154081
23.5 0.0151854
23.6 0.0156483
23.7 0.0153388
23.8 0.0153767
23.9 0.0160125
24 0.0156383
24.1 0.0155893
24.2 0.0162986
24.3 0.0158811
24.4 0.0155808
24.5 0.0160723
24.6 0.016394
24.7 0.0158945
24.8 0.015945
24.9 0.0155093
25 0.0155748
25.1 0.0154298
25.2 0.0155588
25.3 0.0159689
25.4 0.0161463
25.5 0.015815
25.6 0.0165061
25.7 0.015944
25.8 0.016585
25.9 0.0163637
26 0.0173287
26.1 0.016602
26.2 0.0166112
26.3 0.0167767
26.4 0.0167842
26.5 0.0161734
26.6 0.0163441
26.7 0.0167155
26.8 0.0170218
26.9 0.0173604
27 0.0166418
27.1 0.0167751
27.2 0.0174917
27.3 0.0171886
27.4 0.0173894
27.5 0.0169475
27.6 0.0169115
27.7 0.0172259
27.8 0.0170719
27.9 0.0166346
28 0.016548
28.1 0.0171687
28.2 0.0168612
28.3 0.017717
28.4 0.0179148
28.5 0.0179022
28.6 0.0180614
28.7 0.0181956
28.8 0.0178112
28.9 0.0170696
29 0.0174109
29.1 0.0172833
29.2 0.0172392
29.3 0.0171374
29.4 0.0173218
29.5 0.0178034
29.6 0.0172341
29.7 0.0173913
29.8 0.0176104
29.9 0.0178227
30 0.0185889
30.1 0.0179482
30.2 0.0173502
30.3 0.0171658
30.4 0.0180732
30.5 0.0181705
30.6 0.0177124
30.7 0.0173137
30.8 0.0175696
30.9 0.0180118
31 0.0178176
31.1 0.0182532
31.2 0.0175855
31.3 0.0172398
31.4 0.0178221
31.5 0.017711
31.6 0.0178896
31.7 0.0174652
31.8 0.0175792
31.9 0.0174191
32 0.0183241
32.1 0.0191152
32.2 0.0191017
32.3 0.0186893
32.4 0.018724
32.5 0.018894
32.6 0.0180056
32.7 0.0179579
32.8 0.0180976
32.9 0.018297
33 0.0181169
33.1 0.0179426
33.2 0.0186032
33.3 0.0185038
33.4 0.0180475
33.5 0.0184678
33.6 0.0178738
33.7 0.0186119
33.8 0.0193755
33.9 0.0190432
34 0.0187244
34.1 0.0187106
34.2 0.0186949
34.3 0.0189876
34.4 0.0196886
34.5 0.0187869
34.6 0.018854
34.7 0.0196146
34.8 0.0196807
34.9 0.0197297
35 0.0197193
35.1 0.0189458
35.2 0.0190374
35.3 0.0192954
35.4 0.0196313
35.5 0.0193267
35.6 0.0187453
35.7 0.019122
35.8 0.0190515
35.9 0.0194341
36 0.019655
36.1 0.0195156
36.2 0.0191093
36.3 0.0198348
36.4 0.0191641
36.5 0.0197465
36.6 0.0199213
36.7 0.0196426
36.8 0.0208357
36.9 0.0211487
37 0.0208169
37.1 0.0198627
37.2 0.0201993
37.3 0.0200711
37.4 0.02012
37.5 0.0194628
37.6 0.0201994
37.7 0.019929
37.8 0.0197029
37.9 0.0195807
38 0.0205245
38.1 0.0210206
38.2 0.0202481
38.3 0.0211266
38.4 0.0211127
38.5 0.0204094
38.6 0.0200254
38.7 0.0199107
38.8 0.0203943
38.9 0.0204541
39 0.0206146
39.1 0.0201162
39.2 0.0208782
39.3 0.019469
39.4 0.0197717
39.5 0.0202409
39.6 0.0200839
39.7 0.0198532
39.8 0.020269
39.9 0.0198616
40 0.0200687
40.1 0.0203784
40.2 0.0202331
40.3 0.0205278
40.4 0.0206221
40.5 0.0205739
40.6 0.0207933
40.7 0.020568
40.8 0.0204422
40.9 0.021225
41 0.0213041
41.1 0.0209429
41.2 0.0211696
41.3 0.0213858
41.4 0.0215724
41.5 0.0223149
41.6 0.0218838
41.7 0.0219379
41.8 0.0218459
41.9 0.0212689
42 0.0208852
42.1 0.0210768
42.2 0.0213087
42.3 0.0209119
42.4 0.0210729
42.5 0.0212759
42.6 0.0215129
42.7 0.0214417
42.8 0.0216521
42.9 0.0221126
43 0.021911
43.1 0.0220351
43.2 0.0219625
43.3 0.0220364
43.4 0.0219348
43.5 0.0221468
43.6 0.0220968
43.7 0.0225632
43.8 0.0217079
43.9 0.0222755
44 0.0225055
44.1 0.0221354
44.2 0.0223643
44.3 0.0228253
44.4 0.0220122
44.5 0.0221383
44.6 0.0226612
44.7 0.0226977
44.8 0.0232074
44.9 0.0239561
45 0.0244047
45.1 0.0234267
45.2 0.0228351
45.3 0.0220067
45.4 0.0222922
45.5 0.0227601
45.6 0.0227041
45.7 0.0236219
45.8 0.0226383
45.9 0.022487
46 0.0229552
46.1 0.0232744
46.2 0.0235138
46.3 0.0239135
46.4 0.0238244
46.5 0.0239668
46.6 0.0243455
46.7 0.0242772
46.8 0.0229393
46.9 0.0231738
47 0.0229594
47.1 0.0219265
47.2 0.0235671
47.3 0.0239123
47.4 0.02394
47.5 0.0232527
47.6 0.0234821
47.7 0.0228749
47.8 0.0236628
47.9 0.0232982
48 0.0236377
48.1 0.0233196
48.2 0.0227299
48.3 0.0233212
48.4 0.0236538
48.5 0.0229449
48.6 0.0229648
48.7 0.0237283
48.8 0.0235466
48.9 0.0239941
49 0.0238044
49.1 0.0232935
49.2 0.0234931
49.3 0.0240218
49.4 0.0234962
49.5 0.0234864
49.6 0.0240166
49.7 0.0240618
49.8 0.0241366
49.9 0.0241015
50 0.023786
50.1 0.0239204
50.2 0.0235588
50.3 0.0233495
50.4 0.0238379
50.5 0.0239995
50.6 0.0240095
50.7 0.0237983
50.8 0.0235887
50.9 0.0241166
51 0.0243425
51.1 0.0243993
51.2 0.0240505
51.3 0.0240232
51.4 0.0242446
51.5 0.024218
51.6 0.0241906
51.7 0.0251982
51.8 0.0250245
51.9 0.0252966
52 0.0252046
52.1 0.0254359
52.2 0.0246171
52.3 0.0246284
52.4 0.0240655
52.5 0.0244376
52.6 0.0242398
52.7 0.0247628
52.8 0.0251733
52.9 0.0254367
53 0.0250488
53.1 0.0255394
53.2 0.0246735
53.3 0.0255525
53.4 0.0258452
53.5 0.025467
53.6 0.0249926
53.7 0.0253625
53.8 0.0245404
53.9 0.024862
54 0.0255974
54.1 0.0262489
54.2 0.0258589
54.3 0.0257077
54.4 0.0266564
54.5 0.0262567
54.6 0.0257045
54.7 0.0263552
54.8 0.0262463
54.9 0.0258556
55 0.0261079
55.1 0.025474
55.2 0.0254816
55.3 0.0258561
55.4 0.0252394
55.5 0.025766
55.6 0.0255025
55.7 0.0250472
55.8 0.0252363
55.9 0.0253149
56 0.025576
56.1 0.0256301
56.2 0.0258349
56.3 0.0260776
56.4 0.0264248
56.5 0.0261809
56.6 0.0256602
56.7 0.0264504
56.8 0.0262514
56.9 0.0259481
57 0.0254217
57.1 0.0257266
57.2 0.0267195
57.3 0.0265601
57.4 0.0255869
57.5 0.0257705
57.6 0.0254544
57.7 0.0263187
57.8 0.0267154
57.9 0.0270988
58 0.0276612
58.1 0.0272608
58.2 0.0279012
58.3 0.0271887
58.4 0.0277454
58.5 0.0273547
58.6 0.0267781
58.7 0.026466
58.8 0.0276577
58.9 0.0276392
59 0.0269726
59.1 0.027091
59.2 0.0264463
59.3 0.026587
59.4 0.0270775
59.5 0.0272877
59.6 0.0272649
59.7 0.0283024
59.8 0.0275456
59.9 0.0272379
60 0.0274533
60.1 0.0276892
60.2 0.0287168
60.3 0.028165
60.4 0.0283619
60.5 0.0289581
60.6 0.0289874
60.7 0.0280334
60.8 0.027037
60.9 0.0272158
61 0.0269621
61.1 0.0284256
61.2 0.0280154
61.3 0.0284147
61.4 0.0288289
61.5 0.0290318
61.6 0.0286796
61.7 0.0293598
61.8 0.0289673
61.9 0.0292718
62 0.0292719
62.1 0.0295499
62.2 0.0291896
62.3 0.0295797
62.4 0.0286515
62.5 0.0281453
62.6 0.0282739
62.7 0.0291476
62.8 0.0287215
62.9 0.0280802
63 0.0275026
63.1 0.0279107
63.2 0.0281954
63.3 0.0287446
63.4 0.028655
63.5 0.02973
63.6 0.0296047
63.7 0.0301885
63.8 0.0297146
63.9 0.0301068
64 0.0300064
64.1 0.0299711
64.2 0.0292319
64.3 0.0307171
64.4 0.0303602
64.5 0.0294251
64.6 0.0299108
64.7 0.0298443
64.8 0.0295595
64.9 0.0294881
65 0.0297783
65.1 0.0305104
65.2 0.0304686
65.3 0.0303598
65.4 0.0305694
65.5 0.0312434
65.6 0.0313509
65.7 0.0320879
65.8 0.0317982
65.9 0.030484
66 0.0299438
66.1 0.0306743
66.2 0.0304555
66.3 0.0304787
66.4 0.030536
66.5 0.0307873
66.6 0.0304279
66.7 0.030945
66.8 0.0312266
66.9 0.0305613
67 0.0311844
67.1 0.0308954
67.2 0.031607
67.3 0.0322306
67.4 0.0321048
67.5 0.0317311
67.6 0.031426
67.7 0.0308527
67.8 0.0308679
67.9 0.0310642
68 0.0314952
68.1 0.0315064
68.2 0.0310016
68.3 0.0320514
68.4 0.0316213
68.5 0.0319319
68.6 0.0330268
68.7 0.032741
68.8 0.0328636
68.9 0.0322728
69 0.0329558
69.1 0.0325895
69.2 0.0324652
69.3 0.0320474
69.4 0.0328216
69.5 0.032943
69.6 0.0326218
69.7 0.0325471
69.8 0.032246
69.9 0.032624
70 0.033284
70.1 0.032753
70.2 0.0320256
70.3 0.0317772
70.4 0.0319949
70.5 0.0324245
70.6 0.0329666
70.7 0.0332113
70.8 0.0327386
70.9 0.0326435
71 0.0326635
71.1 0.0332837
71.2 0.0330829
71.3 0.0331461
71.4 0.0327602
71.5 0.0336532
71.6 0.0334046
71.7 0.0333239
71.8 0.0327049
71.9 0.0336983
72 0.0343602
72.1 0.0346048
72.2 0.0345007
72.3 0.0337144
72.4 0.0339476
72.5 0.0331893
72.6 0.0330604
72.7 0.0330243
72.8 0.0333637
72.9 0.0336389
73 0.0339002
73.1 0.0341458
73.2 0.0342394
73.3 0.0339956
73.4 0.0337778
73.5 0.0338926
73.6 0.0352289
73.7 0.0343917
73.8 0.0337875
73.9 0.0338516
74 0.0343448
74.1 0.0336842
74.2 0.0347117
74.3 0.0345727
74.4 0.0351686
74.5 0.0341367
74.6 0.0347677
74.7 0.0342991
74.8 0.0347923
74.9 0.0341712
75 0.0335584
75.1 0.0334593
75.2 0.033905
75.3 0.0348635
75.4 0.0347823
75.5 0.0342631
75.6 0.0339287
75.7 0.0339345
75.8 0.0343535
75.9 0.0348182
76 0.0347599
76.1 0.0335928
76.2 0.0343283
76.3 0.0338671
76.4 0.0345977
76.5 0.0347281
76.6 0.0345928
76.7 0.0340759
76.8 0.0347346
76.9 0.0352523
77 0.0348724
77.1 0.0354267
77.2 0.0348429
77.3 0.0355424
77.4 0.0359678
77.5 0.0359394
77.6 0.0354274
77.7 0.0352347
77.8 0.0353499
77.9 0.0353958
78 0.03473
78.1 0.0354703
78.2 0.0360139
78.3 0.0359642
78.4 0.0354251
78.5 0.0352556
78.6 0.034958
78.7 0.0349924
78.8 0.0353231
78.9 0.0361219
79 0.035946
79.1 0.0354014
79.2 0.0360669
79.3 0.03517
79.4 0.0361719
79.5 0.0360497
79.6 0.0364077
79.7 0.0358741
79.8 0.035647
79.9 0.0345861
80 0.0357825
80.1 0.0362064
80.2 0.0361014
80.3 0.0360677
80.4 0.0353237
80.5 0.0348284
80.6 0.0363603
80.7 0.0366156
80.8 0.0371947
80.9 0.0373252
81 0.0366446
81.1 0.0364174
81.2 0.0353409
81.3 0.0354267
81.4 0.0359471
81.5 0.0364068
81.6 0.0363582
81.7 0.0367549
81.8 0.0364841
81.9 0.0363966
82 0.0368562
82.1 0.0372456
82.2 0.0369332
82.3 0.0367531
82.4 0.0364101
82.5 0.0360545
82.6 0.0369494
82.7 0.0371268
82.8 0.0374245
82.9 0.0378364
83 0.0379814
83.1 0.037336
83.2 0.0377088
83.3 0.0373361
83.4 0.037501
83.5 0.0372986
83.6 0.0372548
83.7 0.0374459
83.8 0.039179
83.9 0.038225
84 0.0376687
84.1 0.0382065
84.2 0.0381193
84.3 0.0383543
84.4 0.0382807
84.5 0.0377985
84.6 0.037483
84.7 0.0371774
84.8 0.037127
84.9 0.0370124
85 0.037251
85.1 0.037535
85.2 0.0368783
85.3 0.0373367
85.4 0.0376979
85.5 0.036693
85.6 0.0362981
85.7 0.0368364
85.8 0.0374326
85.9 0.0377878
86 0.037371
86.1 0.0378646
86.2 0.0378889
86.3 0.0378258
86.4 0.038345
86.5 0.0385334
86.6 0.0382974
86.7 0.0382488
86.8 0.037366
86.9 0.0383151
87 0.038653
87.1 0.0374196
87.2 0.0374599
87.3 0.0373249
87.4 0.0366863
87.5 0.0370972
87.6 0.03847
87.7 0.0382369
87.8 0.0385014
87.9 0.0378771
88 0.0380561
88.1 0.0373285
88.2 0.0377783
88.3 0.0379856
88.4 0.0370384
88.5 0.0377294
88.6 0.0376116
88.7 0.037953
88.8 0.0380386
88.9 0.038599
89 0.0380037
89.1 0.0381447
89.2 0.0382806
89.3 0.0387488
89.4 0.0384913
89.5 0.0387188
89.6 0.038603
89.7 0.0376667
89.8 0.0377451
89.9 0.0386121
90 0.0386289
90.1 0.0378567
90.2 0.037948
90.3 0.0386888
90.4 0.0385675
90.5 0.0387139
90.6 0.0391392
90.7 0.0388056
90.8 0.0386493
90.9 0.0377897
91 0.0380956
91.1 0.0397202
91.2 0.0391286
91.3 0.0391585
91.4 0.0388272
91.5 0.0385895
91.6 0.0381735
91.7 0.0379169
91.8 0.0377688
91.9 0.0380233
92 0.0382677
92.1 0.0382779
92.2 0.0384825
92.3 0.0385721
92.4 0.0396126
92.5 0.0395696
92.6 0.0391827
92.7 0.0393494
92.8 0.0395451
92.9 0.040524
93 0.0399485
93.1 0.0406492
93.2 0.0394516
93.3 0.0391624
93.4 0.0388644
93.5 0.0390458
93.6 0.0392462
93.7 0.0390491
93.8 0.0387432
93.9 0.0394563
94 0.0397644
94.1 0.0396872
94.2 0.0391587
94.3 0.0386561
94.4 0.0388722
94.5 0.0392401
94.6 0.0393638
94.7 0.0383761
94.8 0.0388021
94.9 0.0391153
95 0.0394439
95.1 0.0394257
95.2 0.0400898
95.3 0.0404219
95.4 0.0408764
95.5 0.0408998
95.6 0.0403924
95.7 0.0405219
95.8 0.0403704
95.9 0.0389125
96 0.0400918
96.1 0.0396565
96.2 0.0409986
96.3 0.0412724
96.4 0.0408168
96.5 0.0402755
96.6 0.0398617
96.7 0.0395622
96.8 0.039592
96.9 0.0391845
97 0.0412126
97.1 0.0408371
97.2 0.0408876
97.3 0.0405597
97.4 0.040457
97.5 0.0396327
97.6 0.0399661
97.7 0.0404405
97.8 0.0400538
97.9 0.0389963
98 0.0396537
98.1 0.0397624
98.2 0.0406805
98.3 0.0406686
98.4 0.0409672
98.5 0.0414365
98.6 0.041725
98.7 0.0406715
98.8 0.0406109
98.9 0.0407719
99 0.0392412
99.1 0.0407131
99.2 0.0397209
99.3 0.0399822
99.4 0.0402644
99.5 0.0408191
99.6 0.0407393
99.7 0.0415904
99.8 0.0416286
99.9 0.0408582
100 0.04003
