9.80099 
9.80099 
9.80081 
9.80055 
9.80023 
9.79986 
9.7994 
9.79886 
9.79821 
9.79745 
9.79656 
9.79556 
9.79443 
9.79317 
9.79179 
9.7903 
9.78868 
9.78694 
9.78509 
9.78313 
9.78106 
9.7789 
9.77663 
9.77427 
9.77182 
9.76928 
9.76666 
9.76394 
9.76113 
9.75824 
9.75525 
9.75218 
9.74902 
9.74577 
9.74244 
9.73903 
9.73553 
9.73195 
9.72829 
9.72455 
9.72072 
9.7168 
9.7128 
9.70871 
9.70454 
9.70029 
9.69597 
9.69158 
9.68713 
9.68262 
9.67805 
9.67343 
9.66876 
9.66403 
9.65924 
9.65438 
9.64943 
9.64434 
9.63907 
9.63359 
9.6279 
9.62203 
9.61604 
9.60998 
9.60397 
9.59824 
9.59301 
9.58834 
9.58395 
9.57958 
9.57517 
9.57069 
9.56615 
9.56156 
9.5569 
9.55219 
9.54743 
9.54262 
9.53775 
9.53283 
9.52786 
9.52283 
9.51775 
9.51262 
9.50743 
9.50219 
9.49689 
9.49154 
9.48613 
9.48066 
9.47514 
9.46956 
9.46392 
9.45822 
9.45246 
9.44664 
9.44076 
9.43482 
9.42882 
9.42276 
9.41664 
9.41045 
9.40421 
9.3979 
9.39153 
9.3851 
9.3786 
9.37205 
9.36543 
9.35874 
9.35199 
9.34518 
9.33831 
9.33137 
9.32436 
9.31729 
9.31016 
9.30296 
9.29569 
9.28836 
9.28097 
9.2735 
9.26597 
9.25838 
9.25071 
9.24298 
9.23518 
9.22732 
9.21938 
9.21138 
9.20331 
9.19516 
9.18695 
9.17867 
9.17032 
9.16189 
9.1534 
9.14483 
9.13619 
9.12747 
9.11868 
9.10982 
9.10088 
9.09187 
9.08278 
9.07361 
9.06437 
9.05505 
9.04565 
9.03616 
9.0266 
9.01696 
9.00724 
8.99743 
8.98755 
8.97758 
8.96753 
8.9574 
8.94719 
8.9369 
8.92655 
8.91613 
8.90566 
8.89515 
8.88463 
8.87414 
8.86374 
8.85364 
8.84435 
8.83673 
8.83099 
8.82603 
8.82115 
8.81637 
8.81171 
8.80721 
8.80291 
8.79886 
8.79508 
8.79163 
8.78853 
8.78581 
8.78337 
8.78062 
8.77606 
8.76897 
8.76154 
8.75451 
8.74766 
8.74106 
8.7347 
8.72861 
8.72283 
8.71734 
8.71209 
8.70701 
8.70201 
8.69705 
8.69209 
8.68713 
8.68216 
8.67717 
8.67217 
8.66715 
8.66211 
8.65706 
8.65199 
8.6469 
8.64179 
8.63666 
8.63152 
8.62635 
8.62117 
8.61597 
8.61074 
8.6055 
8.60023 
8.59494 
8.58964 
8.5843 
8.57895 
8.57357 
8.56817 
8.56274 
8.55729 
8.55182 
8.54631 
8.54078 
8.53522 
8.52964 
8.52402 
8.51837 
8.5127 
8.50699 
8.50125 
8.49548 
8.48967 
8.48384 
8.47796 
8.47205 
8.46611 
8.46012 
8.4541 
8.44804 
8.44194 
8.4358 
8.42962 
8.42339 
8.41712 
8.41081 
8.40445 
8.39804 
8.39159 
8.38509 
8.37853 
8.37193 
8.36527 
8.35856 
8.35179 
8.34497 
8.33809 
8.33114 
8.32414 
8.31707 
8.30994 
8.30275 
8.29548 
8.28814 
8.28073 
8.27325 
8.26569 
8.25805 
8.25033 
8.24252 
8.23463 
8.22665 
8.21857 
8.2104 
8.20213 
8.19375 
8.18527 
8.17668 
8.16797 
8.15914 
8.15019 
8.1411 
8.13188 
8.12251 
8.113 
8.10333 
8.0935 
8.0835 
8.07331 
8.06294 
8.05236 
8.04158 
8.03057 
8.01932 
8.00783 
7.99607 
7.98403 
7.97169 
7.95904 
7.94608 
7.93277 
7.91914 
7.90518 
7.89094 
7.87659 
7.86307 
7.85377 
7.85069 
7.84857 
7.84831 
7.84867 
7.84893 
7.84904 
7.84905 
7.84896 
7.84881 
7.84859 
7.84832 
7.848 
7.84764 
7.84724 
7.84681 
7.84634 
7.84585 
7.84534 
7.84479 
7.84423 
7.84365 
7.84305 
7.84243 
7.84179 
7.84114 
7.84048 
7.8398 
7.83911 
7.83841 
7.83769 
7.83697 
7.83624 
7.8355 
7.83475 
7.83399 
7.83322 
7.83245 
7.83167 
7.83088 
7.83008 
7.82928 
7.82848 
7.82767 
7.82685 
7.82603 
7.82521 
7.82438 
7.82354 
7.82271 
7.82186 
7.82102 
7.82017 
7.81932 
7.81846 
7.81761 
7.81675 
7.81588 
7.81502 
7.81415 
7.81328 
7.8124 
7.81153 
7.81065 
7.80977 
7.80889 
7.80801 
7.80712 
7.80623 
7.80535 
7.80446 
7.80356 
7.80267 
7.80178 
7.80088 
7.79998 
7.79908 
7.79818 
7.79728 
7.79638 
7.79548 
7.79457 
7.79367 
7.79276 
7.79185 
7.79094 
7.79003 
7.78912 
7.78821 
7.78729 
7.78638 
7.78547 
7.78455 
7.78363 
7.78271 
7.7818 
7.78088 
7.77996 
7.77903 
7.77811 
7.77719 
7.77627 
7.77534 
7.77441 
7.77349 
7.77256 
7.77163 
7.7707 
7.76978 
7.76884 
7.76791 
7.76698 
7.76605 
7.76512 
7.76418 
7.76325 
7.76231 
7.76137 
7.76044 
7.7595 
7.75856 
7.75762 
7.75668 
7.75574 
7.75479 
7.75385 
7.75291 
7.75196 
7.75102 
7.75007 
7.74912 
7.74818 
7.74723 
7.74628 
7.74533 
7.74438 
7.74343 
7.74248 
7.74152 
7.74057 
7.73961 
7.73866 
7.7377 
7.73675 
7.73579 
7.73483 
7.73387 
7.73291 
7.73195 
7.73099 
7.73003 
7.72906 
7.7281 
7.72714 
7.72617 
7.7252 
7.72424 
7.72327 
7.7223 
7.72133 
7.72036 
7.71939 
7.71842 
7.71745 
7.71648 
7.7155 
7.71453 
7.71355 
7.71258 
7.7116 
7.71062 
7.70964 
7.70866 
7.70768 
7.7067 
7.70572 
7.70474 
7.70376 
7.70277 
7.70179 
7.7008 
7.69981 
7.69883 
7.69784 
7.69685 
7.69586 
7.69487 
7.69388 
7.69289 
7.69189 
7.6909 
7.68991 
7.68891 
7.68791 
7.68692 
7.68592 
7.68492 
7.68392 
7.68292 
7.68192 
7.68092 
7.67992 
7.67892 
7.67791 
7.67691 
7.67591 
7.6749 
7.67389 
7.67289 
7.67188 
7.67087 
7.66986 
7.66885 
7.66784 
7.66683 
7.66581 
7.6648 
7.66379 
7.66277 
7.66176 
7.66074 
7.65973 
7.65871 
7.65769 
7.65667 
7.65565 
7.65463 
7.65361 
7.65259 
7.65156 
7.65054 
7.64952 
7.64849 
7.64747 
7.64644 
7.64541 
7.64439 
7.64336 
7.64233 
7.6413 
7.64027 
7.63924 
7.6382 
7.63717 
7.63614 
7.6351 
7.63407 
7.63303 
7.632 
7.63096 
7.62992 
7.62888 
7.62784 
7.6268 
7.62576 
7.62472 
7.62368 
7.62264 
7.62159 
7.62055 
7.61951 
7.61846 
7.61741 
7.61637 
7.61532 
7.61427 
7.61322 
7.61217 
7.61112 
7.61007 
7.60902 
7.60797 
7.60691 
7.60586 
7.60481 
7.60375 
7.60269 
7.60164 
7.60058 
7.59952 
7.59846 
7.5974 
7.59634 
7.59528 
7.59422 
7.59316 
7.5921 
7.59104 
7.58997 
7.58891 
7.58784 
7.58678 
7.58571 
7.58464 
7.58358 
7.58251 
7.58144 
7.58037 
7.5793 
7.57823 
7.57716 
7.57609 
7.57501 
7.57394 
7.57287 
7.57179 
7.57072 
7.56964 
7.56856 
7.56749 
7.56641 
7.56533 
7.56425 
7.56317 
7.56209 
7.56101 
7.55993 
7.55885 
7.55776 
7.55668 
7.5556 
7.55451 
7.55343 
7.55234 
7.55125 
7.55016 
7.54907 
7.54799 
7.5469 
7.5458 
7.54471 
7.54362 
7.54253 
7.54143 
7.54034 
7.53924 
7.53815 
7.53705 
7.53595 
7.53486 
7.53376 
7.53266 
7.53156 
7.53046 
7.52935 
7.52825 
7.52715 
7.52605 
7.52494 
7.52383 
7.52273 
7.52162 
7.52051 
7.51941 
7.5183 
7.51719 
7.51608 
7.51496 
7.51385 
7.51274 
7.51163 
7.51051 
7.5094 
7.50828 
7.50716 
7.50605 
7.50493 
7.50381 
7.50269 
7.50157 
7.50045 
7.49932 
7.4982 
7.49708 
7.49595 
7.49483 
7.4937 
7.49258 
7.49145 
7.49032 
7.48919 
7.48806 
7.48693 
7.4858 
7.48467 
7.48353 
7.4824 
7.48127 
7.48013 
7.47899 
7.47786 
7.47672 
7.47558 
7.47444 
7.4733 
7.47216 
7.47102 
7.46988 
7.46873 
7.46759 
7.46644 
7.4653 
7.46415 
7.46301 
7.46186 
7.46071 
7.45956 
7.45841 
7.45726 
7.4561 
7.45495 
7.4538 
7.45264 
7.45149 
7.45033 
7.44917 
7.44802 
7.44686 
7.4457 
7.44454 
7.44338 
7.44222 
7.44105 
7.43989 
7.43872 
7.43756 
7.43639 
7.43523 
7.43406 
7.43289 
7.43172 
7.43055 
7.42938 
7.42821 
7.42703 
7.42586 
7.42469 
7.42351 
7.42233 
7.42116 
7.41998 
7.4188 
7.41762 
7.41644 
7.41526 
7.41408 
7.41289 
7.41171 
7.41053 
7.40934 
7.40815 
7.40697 
7.40578 
7.40459 
7.4034 
7.40221 
7.40102 
7.39983 
7.39863 
7.39744 
7.39624 
7.39505 
7.39385 
7.39265 
7.39145 
7.39025 
7.38905 
7.38785 
7.38665 
7.38545 
7.38424 
7.38304 
7.38183 
7.38063 
7.37942 
7.37821 
7.377 
7.37579 
7.37458 
7.37337 
7.37216 
7.37094 
7.36973 
7.36851 
7.3673 
7.36608 
7.36486 
7.36364 
7.36242 
7.3612 
7.35998 
7.35876 
7.35753 
7.35631 
7.35508 
7.35386 
7.35263 
7.3514 
7.35017 
7.34894 
7.34771 
7.34648 
7.34525 
7.34401 
7.34278 
7.34154 
7.34031 
7.33907 
7.33783 
7.33659 
7.33535 
7.33411 
7.33287 
7.33162 
7.33038 
7.32913 
7.32789 
7.32664 
7.32539 
7.32414 
7.32289 
7.32164 
7.32039 
7.31914 
7.31789 
7.31663 
7.31538 
7.31412 
7.31286 
7.3116 
7.31034 
7.30908 
7.30782 
7.30656 
7.3053 
7.30403 
7.30277 
7.3015 
7.30023 
7.29897 
7.2977 
7.29643 
7.29516 
7.29388 
7.29261 
7.29134 
7.29006 
7.28879 
7.28751 
7.28623 
7.28495 
7.28367 
7.28239 
7.28111 
7.27983 
7.27854 
7.27726 
7.27597 
7.27468 
7.2734 
7.27211 
7.27082 
7.26953 
7.26823 
7.26694 
7.26565 
7.26435 
7.26305 
7.26176 
7.26046 
7.25916 
7.25786 
7.25656 
7.25526 
7.25395 
7.25265 
7.25134 
7.25004 
7.24873 
7.24742 
7.24611 
7.2448 
7.24349 
7.24218 
7.24086 
7.23955 
7.23823 
7.23691 
7.2356 
7.23428 
7.23296 
7.23163 
7.23031 
7.22899 
7.22766 
7.22634 
7.22501 
7.22369 
7.22236 
7.22103 
7.2197 
7.21836 
7.21703 
7.2157 
7.21436 
7.21303 
7.21169 
7.21035 
7.20901 
7.20767 
7.20633 
7.20499 
7.20364 
7.2023 
7.20095 
7.1996 
7.19825 
7.19691 
7.19555 
7.1942 
7.19285 
7.1915 
7.19014 
7.18879 
7.18743 
7.18607 
7.18471 
7.18335 
7.18199 
7.18062 
7.17926 
7.1779 
7.17653 
7.17516 
7.17379 
7.17242 
7.17105 
7.16968 
7.16831 
7.16693 
7.16556 
7.16418 
7.1628 
7.16143 
7.16005 
7.15866 
7.15728 
7.1559 
7.15451 
7.15313 
7.15174 
7.15035 
7.14896 
7.14757 
7.14618 
7.14479 
7.14339 
7.142 
7.1406 
7.1392 
7.13781 
7.13641 
7.135 
7.1336 
7.1322 
7.13079 
7.12939 
7.12798 
7.12657 
7.12516 
7.12375 
7.12234 
7.12093 
7.11951 
7.1181 
7.11668 
7.11526 
7.11384 
7.11242 
7.111 
7.10958 
7.10815 
7.10673 
7.1053 
7.10387 
7.10244 
7.10101 
7.09958 
7.09815 
7.09671 
7.09528 
7.09384 
7.0924 
7.09097 
7.08952 
7.08808 
7.08664 
7.0852 
7.08375 
7.0823 
7.08086 
7.07941 
7.07796 
7.0765 
7.07505 
7.0736 
7.07214 
7.07068 
7.06922 
7.06777 
7.0663 
7.06484 
7.06338 
7.06191 
7.06045 
7.05898 
7.05751 
7.05604 
7.05457 
7.0531 
7.05162 
7.05015 
7.04867 
7.04719 
7.04571 
7.04423 
7.04275 
7.04127 
7.03978 
7.0383 
7.03681 
7.03532 
7.03383 
7.03234 
7.03085 
7.02935 
7.02786 
7.02636 
7.02486 
7.02336 
7.02186 
7.02036 
7.01886 
7.01735 
7.01585 
7.01434 
7.01283 
7.01132 
7.00981 
7.00829 
7.00678 
7.00526 
7.00374 
7.00223 
7.00071 
6.99918 
6.99766 
6.99614 
6.99461 
6.99308 
6.99155 
6.99002 
6.98849 
6.98696 
6.98543 
6.98389 
6.98235 
6.98081 
6.97927 
6.97773 
6.97619 
6.97464 
6.9731 
6.97155 
6.97 
6.96845 
6.9669 
6.96535 
6.96379 
6.96224 
6.96068 
6.95912 
6.95756 
6.956 
6.95443 
6.95287 
6.9513 
6.94973 
6.94816 
6.94659 
6.94502 
6.94345 
6.94187 
6.94029 
6.93871 
6.93713 
6.93555 
6.93397 
6.93239 
6.9308 
6.92921 
6.92762 
6.92603 
6.92444 
6.92285 
6.92125 
6.91965 
6.91806 
6.91646 
6.91485 
6.91325 
6.91165 
6.91004 
6.90843 
6.90682 
6.90521 
6.9036 
6.90198 
6.90037 
6.89875 
6.89713 
6.89551 
6.89389 
6.89227 
6.89064 
6.88901 
6.88739 
6.88576 
6.88412 
6.88249 
6.88086 
6.87922 
6.87758 
6.87594 
6.8743 
6.87266 
6.87101 
6.86937 
6.86772 
6.86607 
6.86442 
6.86276 
6.86111 
6.85945 
6.8578 
6.85614 
6.85447 
6.85281 
6.85115 
6.84948 
6.84781 
6.84614 
6.84447 
6.8428 
6.84112 
6.83945 
6.83777 
6.83609 
6.83441 
6.83272 
6.83104 
6.82935 
6.82766 
6.82597 
6.82428 
6.82259 
6.82089 
6.8192 
6.8175 
6.8158 
6.81409 
6.81239 
6.81068 
6.80898 
6.80727 
6.80555 
6.80384 
6.80213 
6.80041 
6.79869 
6.79697 
6.79525 
6.79353 
6.7918 
6.79007 
6.78834 
6.78661 
6.78488 
6.78314 
6.78141 
6.77967 
6.77793 
6.77619 
6.77444 
6.7727 
6.77095 
6.7692 
6.76745 
6.7657 
6.76394 
6.76219 
6.76043 
6.75867 
6.7569 
6.75514 
6.75337 
6.7516 
6.74983 
6.74806 
6.74629 
6.74451 
6.74274 
6.74096 
6.73917 
6.73739 
6.73561 
6.73382 
6.73203 
6.73024 
6.72844 
6.72665 
6.72485 
6.72305 
6.72125 
6.71945 
6.71764 
6.71584 
6.71403 
6.71222 
6.7104 
6.70859 
6.70677 
6.70495 
6.70313 
6.70131 
6.69949 
6.69766 
6.69583 
6.694 
6.69217 
6.69033 
6.68849 
6.68665 
6.68481 
6.68297 
6.68112 
6.67928 
6.67743 
6.67558 
6.67372 
6.67187 
6.67001 
6.66815 
6.66629 
6.66442 
6.66256 
6.66069 
6.65882 
6.65695 
6.65507 
6.65319 
6.65131 
6.64943 
6.64755 
6.64567 
6.64378 
6.64189 
6.64 
6.6381 
6.63621 
6.63431 
6.63241 
6.6305 
6.6286 
6.62669 
6.62478 
6.62287 
6.62096 
6.61904 
6.61712 
6.6152 
6.61328 
6.61135 
6.60943 
6.6075 
6.60557 
6.60363 
6.60169 
6.59976 
6.59782 
6.59587 
6.59393 
6.59198 
6.59003 
6.58808 
6.58612 
6.58416 
6.58221 
6.58024 
6.57828 
6.57631 
6.57434 
6.57237 
6.5704 
6.56842 
6.56645 
6.56447 
6.56248 
6.5605 
6.55851 
6.55652 
6.55453 
6.55253 
6.55054 
6.54854 
6.54653 
6.54453 
6.54252 
6.54051 
6.5385 
6.53649 
6.53447 
6.53245 
6.53043 
6.5284 
6.52638 
6.52435 
6.52232 
6.52028 
6.51824 
6.51621 
6.51416 
6.51212 
6.51007 
6.50802 
6.50597 
6.50392 
6.50186 
6.4998 
6.49774 
6.49567 
6.4936 
6.49153 
6.48946 
6.48739 
6.48531 
6.48323 
6.48114 
6.47906 
6.47697 
6.47488 
6.47279 
6.47069 
6.46859 
6.46649 
6.46438 
6.46228 
6.46017 
6.45805 
6.45594 
6.45382 
6.4517 
6.44958 
6.44745 
6.44532 
6.44319 
6.44106 
6.43892 
6.43678 
6.43464 
6.43249 
6.43034 
6.42819 
6.42604 
6.42388 
6.42172 
6.41956 
6.41739 
6.41523 
6.41305 
6.41088 
6.4087 
6.40652 
6.40434 
6.40216 
6.39997 
6.39778 
6.39558 
6.39339 
6.39119 
6.38898 
6.38678 
6.38457 
6.38236 
6.38014 
6.37792 
6.3757 
6.37348 
6.37125 
6.36902 
6.36679 
6.36455 
6.36231 
6.36007 
6.35783 
6.35558 
6.35333 
6.35107 
6.34882 
6.34656 
6.34429 
6.34203 
6.33976 
6.33748 
6.33521 
6.33293 
6.33064 
6.32836 
6.32607 
6.32378 
6.32148 
6.31918 
6.31688 
6.31458 
6.31227 
6.30996 
6.30764 
6.30533 
6.30301 
6.30068 
6.29835 
6.29602 
6.29369 
6.29135 
6.28901 
6.28667 
6.28432 
6.28197 
6.27961 
6.27726 
6.27489 
6.27253 
6.27016 
6.26779 
6.26542 
6.26304 
6.26066 
6.25827 
6.25588 
6.25349 
6.25109 
6.2487 
6.24629 
6.24389 
6.24148 
6.23906 
6.23665 
6.23423 
6.2318 
6.22938 
6.22695 
6.22451 
6.22207 
6.21963 
6.21719 
6.21474 
6.21228 
6.20983 
6.20737 
6.2049 
6.20244 
6.19996 
6.19749 
6.19501 
6.19253 
6.19004 
6.18755 
6.18506 
6.18256 
6.18006 
6.17755 
6.17505 
6.17253 
6.17002 
6.1675 
6.16497 
6.16244 
6.15991 
6.15737 
6.15483 
6.15229 
6.14974 
6.14719 
6.14463 
6.14207 
6.13951 
6.13694 
6.13437 
6.13179 
6.12921 
6.12663 
6.12404 
6.12145 
6.11885 
6.11625 
6.11365 
6.11104 
6.10842 
6.10581 
6.10319 
6.10056 
6.09793 
6.0953 
6.09266 
6.09002 
6.08737 
6.08472 
6.08206 
6.0794 
6.07674 
6.07407 
6.0714 
6.06872 
6.06604 
6.06335 
6.06066 
6.05797 
6.05527 
6.05256 
6.04986 
6.04714 
6.04443 
6.0417 
6.03898 
6.03625 
6.03351 
6.03077 
6.02803 
6.02528 
6.02252 
6.01976 
6.017 
6.01423 
6.01146 
6.00868 
6.0059 
6.00311 
6.00032 
5.99753 
5.99473 
5.99192 
5.98911 
5.98629 
5.98347 
5.98065 
5.97782 
5.97498 
5.97214 
5.9693 
5.96645 
5.96359 
5.96073 
5.95787 
5.955 
5.95212 
5.94924 
5.94635 
5.94346 
5.94057 
5.93767 
5.93476 
5.93185 
5.92893 
5.92601 
5.92308 
5.92015 
5.91721 
5.91427 
5.91132 
5.90837 
5.90541 
5.90245 
5.89948 
5.8965 
5.89352 
5.89054 
5.88754 
5.88455 
5.88154 
5.87854 
5.87552 
5.8725 
5.86948 
5.86645 
5.86341 
5.86037 
5.85732 
5.85427 
5.85121 
5.84814 
5.84507 
5.842 
5.83891 
5.83582 
5.83273 
5.82963 
5.82652 
5.82341 
5.82029 
5.81717 
5.81404 
5.8109 
5.80776 
5.80461 
5.80146 
5.7983 
5.79513 
5.79196 
5.78878 
5.78559 
5.7824 
5.7792 
5.776 
5.77279 
5.76957 
5.76635 
5.76312 
5.75988 
5.75664 
5.75339 
5.75013 
5.74687 
5.7436 
5.74032 
5.73704 
5.73375 
5.73045 
5.72715 
5.72384 
5.72052 
5.7172 
5.71387 
5.71053 
5.70719 
5.70384 
5.70048 
5.69711 
5.69374 
5.69036 
5.68698 
5.68358 
5.68018 
5.67678 
5.67336 
5.66994 
5.66651 
5.66307 
5.65963 
5.65618 
5.65272 
5.64925 
5.64578 
5.64229 
5.6388 
5.63531 
5.6318 
5.62829 
5.62477 
5.62124 
5.61771 
5.61416 
5.61061 
5.60705 
5.60349 
5.59991 
5.59633 
5.59274 
5.58914 
5.58553 
5.58192 
5.57829 
5.57466 
5.57102 
5.56737 
5.56372 
5.56005 
5.55638 
5.5527 
5.549 
5.54531 
5.5416 
5.53788 
5.53416 
5.53042 
5.52668 
5.52293 
5.51917 
5.5154 
5.51162 
5.50783 
5.50404 
5.50023 
5.49642 
5.49259 
5.48876 
5.48492 
5.48107 
5.4772 
5.47333 
5.46945 
5.46556 
5.46167 
5.45776 
5.45384 
5.44991 
5.44597 
5.44203 
5.43807 
5.4341 
5.43012 
5.42614 
5.42214 
5.41813 
5.41411 
5.41008 
5.40604 
5.402 
5.39794 
5.39387 
5.38979 
5.38569 
5.38159 
5.37748 
5.37336 
5.36922 
5.36508 
5.36092 
5.35675 
5.35258 
5.34839 
5.34419 
5.33997 
5.33575 
5.33152 
5.32727 
5.32301 
5.31874 
5.31446 
5.31017 
5.30586 
5.30155 
5.29722 
5.29288 
5.28852 
5.28416 
5.27978 
5.27539 
5.27099 
5.26658 
5.26215 
5.25771 
5.25326 
5.24879 
5.24431 
5.23982 
5.23532 
5.2308 
5.22627 
5.22172 
5.21717 
5.2126 
5.20801 
5.20341 
5.1988 
5.19417 
5.18953 
5.18488 
5.18021 
5.17553 
5.17083 
5.16612 
5.1614 
5.15666 
5.1519 
5.14713 
5.14235 
5.13755 
5.13273 
5.1279 
5.12306 
5.1182 
5.11332 
5.10843 
5.10352 
5.0986 
5.09366 
5.0887 
5.08373 
5.07874 
5.07374 
5.06872 
5.06368 
5.05863 
5.05355 
5.04846 
5.04336 
5.03824 
5.03309 
5.02794 
5.02276 
5.01757 
5.01235 
5.00712 
5.00187 
4.99661 
4.99132 
4.98602 
4.98069 
4.97535 
4.96999 
4.96461 
4.95921 
4.95379 
4.94835 
4.94289 
4.93741 
4.93191 
4.92639 
4.92085 
4.91528 
4.9097 
4.9041 
4.89847 
4.89282 
4.88715 
4.88146 
4.87575 
4.87001 
4.86425 
4.85847 
4.85267 
4.84684 
4.84099 
4.83511 
4.82922 
4.82329 
4.81735 
4.81137 
4.80538 
4.79936 
4.79331 
4.78724 
4.78114 
4.77502 
4.76887 
4.76269 
4.75649 
4.75026 
4.744 
4.73772 
4.73141 
4.72507 
4.7187 
4.7123 
4.70587 
4.69941 
4.69293 
4.68641 
4.67987 
4.67329 
4.66668 
4.66004 
4.65337 
4.64667 
4.63993 
4.63316 
4.62636 
4.61952 
4.61266 
4.60575 
4.59881 
4.59184 
4.58483 
4.57778 
4.5707 
4.56358 
4.55643 
4.54923 
4.542 
4.53473 
4.52742 
4.52007 
4.51267 
4.50524 
4.49777 
4.49025 
4.48269 
4.47509 
4.46744 
4.45975 
4.45202 
4.44424 
4.43641 
4.42853 
4.42061 
4.41264 
4.40461 
4.39654 
4.38842 
4.38025 
4.37202 
4.36374 
4.35541 
4.34702 
4.33857 
4.33007 
4.32151 
4.31289 
4.30421 
4.29547 
4.28667 
4.2778 
4.26887 
4.25987 
4.25081 
4.24168 
4.23248 
4.22321 
4.21386 
4.20445 
4.19496 
4.18539 
4.17574 
4.16601 
4.1562 
4.14631 
4.13633 
4.12627 
4.11611 
4.10586 
4.09553 
4.08509 
4.07456 
4.06392 
4.05318 
4.04234 
4.03139 
4.02032 
4.00915 
3.99785 
3.98643 
3.97489 
3.96322 
3.95142 
3.93948 
3.9274 
3.91518 
3.9028 
3.89028 
3.87759 
3.86473 
3.85171 
3.83851 
3.82512 
3.81154 
3.79777 
3.78379 
3.76959 
3.75517 
3.74051 
3.72561 
3.71046 
3.69504 
3.67934 
3.66334 
3.64704 
3.63041 
3.61344 
3.59612 
3.57841 
3.5603 
3.54177 
3.52279 
3.50335 
3.4834 
3.46293 
3.44192 
3.42035 
3.39821 
3.37552 
3.35236 
3.32887 
3.30565 
3.28632 
3.27856 
3.27393 
3.26747 
3.26171 
3.25528 
3.24906 
3.24255 
3.23607 
3.22943 
3.22277 
3.21601 
3.2092 
3.20232 
3.19538 
3.18837 
3.18131 
3.17419 
3.16701 
3.15978 
3.15248 
3.14514 
3.13773 
3.13027 
3.12275 
3.11517 
3.10754 
3.09985 
3.0921 
3.08429 
3.07643 
3.06851 
3.06052 
3.05248 
3.04438 
3.03622 
3.028 
3.01971 
3.01137 
3.00296 
2.99449 
2.98596 
2.97736 
2.9687 
2.95997 
2.95118 
2.94233 
2.9334 
2.92441 
2.91536 
2.90623 
2.89703 
2.88777 
2.87843 
2.86903 
2.85955 
2.85 
2.84037 
2.83067 
2.82089 
2.81104 
2.80111 
2.7911 
2.78102 
2.77085 
2.7606 
2.75027 
2.73985 
2.72935 
2.71876 
2.70809 
2.69733 
2.68648 
2.67553 
2.6645 
2.65337 
2.64214 
2.63082 
2.6194 
2.60787 
2.59625 
2.58452 
2.57269 
2.56074 
2.54869 
2.53653 
2.52425 
2.51186 
2.49935 
2.48672 
2.47396 
2.46108 
2.44808 
2.43494 
2.42167 
2.40827 
2.39472 
2.38104 
2.36721 
2.35323 
2.3391 
2.32481 
2.31037 
2.29576 
2.28099 
2.26604 
2.25092 
2.23562 
2.22014 
2.20447 
2.18861 
2.17254 
2.15627 
2.13979 
2.1231 
2.10618 
2.08903 
2.07164 
2.05401 
2.03613 
2.01799 
1.99958 
1.98089 
1.96192 
1.94265 
1.92307 
1.90317 
1.88294 
1.86236 
1.84143 
1.82013 
1.79844 
1.77634 
1.75383 
1.73087 
1.70745 
1.68355 
1.65914 
1.6342 
1.6087 
1.5826 
1.55589 
1.52851 
1.50043 
1.47161 
1.44199 
1.41153 
1.38016 
1.34782 
1.31443 
1.27989 
1.24413 
1.20701 
1.1684 
1.12816 
1.0861 
1.042 
0.995591 
0.94655 
0.894466 
0.838813 
0.778893 
0.713737 
0.641908 
0.561116 
0.467529 
0.354972 
0.216948 
0.0668482 
0.0120893 
0.00707383 
0.00519017 
0.00415861 
0.0035049 
0.00305188 
0.00272243 
0.00246974 
0.00227244 
0.00210802 
0.00196888 
0.00183293 
0.00169094 
0.00150205 
0.00124276 
0.000866875 
0.000446016 
0.000126621 
1.62383e-05 
8.91262e-07 
6.37614e-08 
5.80351e-09 
6.66021e-10 
7.38921e-11 
8.46765e-12 
8.91901e-13 
9.82043e-14 
1.01637e-14 
1.11022e-15 
2.97904e-16 
4.44089e-16 
0 
4.44089e-16 
0 
0 
0 
6.66134e-16 
4.44089e-16 
6.66134e-16 
6.66134e-16 
0 
6.66134e-16 
8.88178e-16 
2.22045e-16 
4.44089e-16 
2.22045e-16 
4.44089e-16 
6.66134e-16 
6.66134e-16 
0 
6.66134e-16 
4.44089e-16 
6.66134e-16 
4.44089e-16 
2.22045e-16 
2.22045e-16 
0 
4.44089e-16 
8.88178e-16 
4.44089e-16 
6.66134e-16 
4.44089e-16 
0 
2.22045e-16 
6.66134e-16 
6.66134e-16 
6.66134e-16 
0 
6.66134e-16 
2.22045e-16 
6.66134e-16 
4.44089e-16 
6.66134e-16 
6.66134e-16 
8.88178e-16 
4.44089e-16 
0 
0 
0 
6.66134e-16 
4.44089e-16 
4.44089e-16 
8.88178e-16 
0 
6.66134e-16 
4.44089e-16 
2.22045e-16 
2.22045e-16 
2.22045e-16 
4.44089e-16 
2.22045e-16 
2.22045e-16 
4.44089e-16 
2.22045e-16 
0 
6.66134e-16 
0 
0 
6.66134e-16 
0 
2.22045e-16 
2.22045e-16 
0 
2.22045e-16 
0 
0 
8.88178e-16 
0 
2.22045e-16 
2.22045e-16 
2.22045e-16 
0 
6.66134e-16 
2.22045e-16 
6.66134e-16 
0 
6.66134e-16 
2.22045e-16 
6.66134e-16 
2.22045e-16 
0 
2.22045e-16 
2.22045e-16 
2.22045e-16 
6.66134e-16 
2.22045e-16 
0 
4.44089e-16 
8.88178e-16 
0 
8.88178e-16 
2.22045e-16 
6.66134e-16 
6.66134e-16 
6.66134e-16 
4.44089e-16 
2.22045e-16 
2.22045e-16 
6.66134e-16 
2.22045e-16 
8.88178e-16 
4.44089e-16 
2.22045e-16 
4.44089e-16 
4.44089e-16 
0 
6.66134e-16 
4.44089e-16 
6.66134e-16 
0 
8.88178e-16 
2.22045e-16 
0 
0 
4.44089e-16 
2.22045e-16 
6.66134e-16 
0 
4.44089e-16 
2.22045e-16 
0 
6.66134e-16 
8.88178e-16 
2.22045e-16 
6.66134e-16 
6.66134e-16 
2.22045e-16 
0 
2.22045e-16 
6.66134e-16 
4.44089e-16 
2.22045e-16 
4.44089e-16 
2.22045e-16 
4.44089e-16 
0 
6.66134e-16 
4.44089e-16 
0 
2.22045e-16 
2.22045e-16 
2.22045e-16 
6.66134e-16 
2.22045e-16 
6.66134e-16 
2.22045e-16 
4.44089e-16 
2.22045e-16 
2.22045e-16 
4.44089e-16 
8.88178e-16 
0 
8.88178e-16 
2.22045e-16 
2.22045e-16 
2.22045e-16 
4.44089e-16 
2.22045e-16 
2.22045e-16 
4.44089e-16 
4.44089e-16 
0 
6.66134e-16 
4.44089e-16 
0 
2.22045e-16 
6.66134e-16 
0 
6.66134e-16 
2.22045e-16 
6.66134e-16 
4.44089e-16 
6.66134e-16 
2.22045e-16 
2.22045e-16 
0 
4.44089e-16 
2.22045e-16 
6.66134e-16 
2.22045e-16 
2.22045e-16 
4.44089e-16 
0 
2.22045e-16 
4.44089e-16 
2.22045e-16 
0 
0 
6.66134e-16 
0 
8.88178e-16 
2.22045e-16 
6.66134e-16 
2.22045e-16 
2.22045e-16 
4.44089e-16 
0 
4.44089e-16 
6.66134e-16 
4.44089e-16 
2.22045e-16 
0 
8.88178e-16 
2.22045e-16 
4.44089e-16 
2.22045e-16 
6.66134e-16 
6.66134e-16 
2.22045e-16 
4.44089e-16 
6.66134e-16 
6.66134e-16 
0 
2.22045e-16 
0 
2.22045e-16 
2.22045e-16 
4.44089e-16 
0 
2.22045e-16 
6.66134e-16 
0 
6.66134e-16 
2.22045e-16 
8.88178e-16 
2.22045e-16 
2.22045e-16 
2.22045e-16 
8.88178e-16 
2.22045e-16 
6.66134e-16 
0 
4.44089e-16 
2.22045e-16 
6.66134e-16 
4.44089e-16 
6.66134e-16 
4.44089e-16 
6.66134e-16 
2.22045e-16 
4.44089e-16 
2.22045e-16 
6.66134e-16 
2.22045e-16 
2.22045e-16 
4.44089e-16 
4.44089e-16 
0 
6.66134e-16 
2.22045e-16 
6.66134e-16 
4.44089e-16 
2.22045e-16 
2.22045e-16 
6.66134e-16 
2.22045e-16 
4.44089e-16 
4.44089e-16 
2.22045e-16 
0 
2.22045e-16 
0 
8.88178e-16 
0 
2.22045e-16 
0 
6.66134e-16 
2.22045e-16 
4.44089e-16 
0 
0 
0 
0 
0 
2.22045e-16 
2.22045e-16 
2.22045e-16 
2.22045e-16 
2.22045e-16 
2.22045e-16 
4.44089e-16 
2.22045e-16 
6.66134e-16 
4.44089e-16 
4.44089e-16 
4.44089e-16 
2.22045e-16 
6.66134e-16 
4.44089e-16 
4.44089e-16 
6.66134e-16 
2.22045e-16 
4.44089e-16 
4.44089e-16 
4.44089e-16 
2.22045e-16 
8.88178e-16 
4.44089e-16 
4.44089e-16 
2.22045e-16 
6.66134e-16 
2.22045e-16 
6.66134e-16 
2.22045e-16 
6.66134e-16 
0 
2.22045e-16 
2.22045e-16 
6.66134e-16 
4.44089e-16 
2.22045e-16 
2.22045e-16 
6.66134e-16 
2.22045e-16 
8.88178e-16 
2.22045e-16 
4.44089e-16 
4.44089e-16 
2.22045e-16 
2.22045e-16 
8.88178e-16 
0 
4.44089e-16 
4.44089e-16 
2.22045e-16 
2.22045e-16 
6.66134e-16 
2.22045e-16 
0 
6.66134e-16 
2.22045e-16 
0 
4.44089e-16 
0 
4.44089e-16 
0 
2.22045e-16 
2.22045e-16 
4.44089e-16 
2.22045e-16 
2.22045e-16 
4.44089e-16 
8.88178e-16 
4.44089e-16 
6.66134e-16 
6.66134e-16 
0 
2.22045e-16 
4.44089e-16 
2.22045e-16 
0 
2.22045e-16 
0 
4.44089e-16 
8.88178e-16 
2.22045e-16 
6.66134e-16 
2.22045e-16 
2.22045e-16 
2.22045e-16 
0 
2.22045e-16 
8.88178e-16 
0 
6.66134e-16 
6.66134e-16 
0 
2.22045e-16 
8.88178e-16 
6.66134e-16 
2.22045e-16 
6.66134e-16 
2.22045e-16 
2.22045e-16 
6.66134e-16 
2.22045e-16 
6.66134e-16 
6.66134e-16 
6.66134e-16 
6.66134e-16 
6.66134e-16 
2.22045e-16 
4.44089e-16 
4.44089e-16 
8.88178e-16 
2.22045e-16 
8.88178e-16 
2.22045e-16 
6.66134e-16 
2.22045e-16 
4.44089e-16 
2.22045e-16 
8.88178e-16 
2.22045e-16 
8.88178e-16 
0 
2.22045e-16 
4.44089e-16 
2.22045e-16 
2.22045e-16 
0 
4.44089e-16 
2.22045e-16 
4.44089e-16 
4.44089e-16 
0 
0 
4.44089e-16 
4.44089e-16 
4.44089e-16 
8.88178e-16 
0 
8.88178e-16 
4.44089e-16 
0 
4.44089e-16 
0 
2.22045e-16 
6.66134e-16 
2.22045e-16 
4.44089e-16 
2.22045e-16 
6.66134e-16 
0 
4.44089e-16 
4.44089e-16 
6.66134e-16 
2.22045e-16 
6.66134e-16 
2.22045e-16 
2.22045e-16 
0 
2.22045e-16 
4.44089e-16 
4.44089e-16 
0 
2.22045e-16 
2.22045e-16 
8.88178e-16 
4.44089e-16 
6.66134e-16 
4.44089e-16 
2.22045e-16 
2.22045e-16 
2.22045e-16 
4.44089e-16 
2.22045e-16 
6.66134e-16 
8.88178e-16 
4.44089e-16 
6.66134e-16 
0 
8.88178e-16 
6.66134e-16 
2.22045e-16 
2.22045e-16 
6.66134e-16 
2.22045e-16 
8.88178e-16 
2.22045e-16 
4.44089e-16 
2.22045e-16 
6.66134e-16 
2.22045e-16 
6.66134e-16 
4.44089e-16 
6.66134e-16 
2.22045e-16 
6.66134e-16 
2.22045e-16 
8.88178e-16 
0 
2.22045e-16 
2.22045e-16 
8.88178e-16 
6.66134e-16 
6.66134e-16 
4.44089e-16 
4.44089e-16 
4.44089e-16 
4.44089e-16 
4.44089e-16 
6.66134e-16 
4.44089e-16 
2.22045e-16 
6.66134e-16 
8.88178e-16 
2.22045e-16 
6.66134e-16 
2.22045e-16 
6.66134e-16 
4.44089e-16 
0 
2.22045e-16 
2.22045e-16 
4.44089e-16 
8.88178e-16 
2.22045e-16 
6.66134e-16 
2.22045e-16 
2.22045e-16 
2.22045e-16 
4.44089e-16 
0 
8.88178e-16 
4.44089e-16 
2.22045e-16 
2.22045e-16 
8.88178e-16 
6.66134e-16 
2.22045e-16 
0 
4.44089e-16 
6.66134e-16 
4.44089e-16 
2.22045e-16 
6.66134e-16 
2.22045e-16 
0 
4.44089e-16 
6.66134e-16 
2.22045e-16 
4.44089e-16 
4.44089e-16 
6.66134e-16 
2.22045e-16 
2.22045e-16 
2.22045e-16 
6.66134e-16 
0 
6.66134e-16 
0 
6.66134e-16 
2.22045e-16 
4.44089e-16 
0 
4.44089e-16 
6.66134e-16 
0 
2.22045e-16 
2.22045e-16 
2.22045e-16 
2.22045e-16 
4.44089e-16 
0 
4.44089e-16 
0 
2.22045e-16 
6.66134e-16 
0 
4.44089e-16 
2.22045e-16 
6.66134e-16 
6.66134e-16 
8.88178e-16 
0 
4.44089e-16 
0 
4.44089e-16 
4.44089e-16 
6.66134e-16 
0 
0 
4.44089e-16 
6.66134e-16 
4.44089e-16 
4.44089e-16 
2.22045e-16 
2.22045e-16 
0 
2.22045e-16 
0 
8.88178e-16 
2.22045e-16 
6.66134e-16 
2.22045e-16 
0 
4.44089e-16 
6.66134e-16 
2.22045e-16 
6.66134e-16 
2.22045e-16 
2.22045e-16 
4.44089e-16 
2.22045e-16 
2.22045e-16 
2.22045e-16 
4.44089e-16 
0 
4.44089e-16 
2.22045e-16 
6.66134e-16 
6.66134e-16 
2.22045e-16 
8.88178e-16 
6.66134e-16 
8.88178e-16 
2.22045e-16 
6.66134e-16 
4.44089e-16 
2.22045e-16 
4.44089e-16 
2.22045e-16 
2.22045e-16 
6.66134e-16 
4.44089e-16 
6.66134e-16 
0 
2.22045e-16 
2.22045e-16 
6.66134e-16 
0 
8.88178e-16 
0 
4.44089e-16 
2.22045e-16 
6.66134e-16 
4.44089e-16 
8.88178e-16 
0 
6.66134e-16 
0 
4.44089e-16 
0 
4.44089e-16 
2.22045e-16 
4.44089e-16 
4.44089e-16 
8.88178e-16 
4.44089e-16 
6.66134e-16 
2.22045e-16 
4.44089e-16 
6.66134e-16 
6.66134e-16 
6.66134e-16 
6.66134e-16 
4.44089e-16 
6.66134e-16 
4.44089e-16 
8.88178e-16 
4.44089e-16 
6.66134e-16 
6.66134e-16 
6.66134e-16 
4.44089e-16 
6.66134e-16 
6.66134e-16 
6.66134e-16 
2.22045e-16 
4.44089e-16 
4.44089e-16 
6.66134e-16 
0 
0 
2.22045e-16 
2.22045e-16 
2.22045e-16 
0 
0 
2.22045e-16 
4.44089e-16 
6.66134e-16 
2.22045e-16 
6.66134e-16 
2.22045e-16 
6.66134e-16 
2.22045e-16 
0 
6.66134e-16 
6.66134e-16 
2.22045e-16 
2.22045e-16 
4.44089e-16 
0 
4.44089e-16 
6.66134e-16 
2.22045e-16 
2.22045e-16 
0 
6.66134e-16 
2.22045e-16 
8.88178e-16 
4.44089e-16 
0 
2.22045e-16 
6.66134e-16 
0 
8.88178e-16 
6.66134e-16 
2.22045e-16 
4.44089e-16 
6.66134e-16 
4.44089e-16 
4.44089e-16 
0 
4.44089e-16 
0 
2.22045e-16 
2.22045e-16 
6.66134e-16 
2.22045e-16 
8.88178e-16 
0 
4.44089e-16 
2.22045e-16 
4.44089e-16 
4.44089e-16 
2.22045e-16 
2.22045e-16 
8.88178e-16 
2.22045e-16 
6.66134e-16 
2.22045e-16 
6.66134e-16 
2.22045e-16 
6.66134e-16 
0 
8.88178e-16 
2.22045e-16 
8.88178e-16 
0 
4.44089e-16 
0 
6.66134e-16 
0 
6.66134e-16 
2.22045e-16 
0 
2.22045e-16 
4.44089e-16 
0 
2.22045e-16 
2.22045e-16 
4.44089e-16 
0 
6.66134e-16 
2.22045e-16 
4.44089e-16 
0 
6.66134e-16 
2.22045e-16 
0 
2.22045e-16 
6.66134e-16 
2.22045e-16 
2.22045e-16 
6.66134e-16 
2.22045e-16 
2.22045e-16 
4.44089e-16 
2.22045e-16 
2.22045e-16 
4.44089e-16 
6.66134e-16 
4.44089e-16 
6.66134e-16 
6.66134e-16 
0 
2.22045e-16 
6.66134e-16 
0 
6.66134e-16 
2.22045e-16 
0 
0 
6.66134e-16 
0 
4.44089e-16 
4.44089e-16 
6.66134e-16 
2.22045e-16 
6.66134e-16 
2.22045e-16 
6.66134e-16 
2.22045e-16 
2.22045e-16 
0 
4.44089e-16 
2.22045e-16 
6.66134e-16 
4.44089e-16 
6.66134e-16 
4.44089e-16 
2.22045e-16 
2.22045e-16 
2.22045e-16 
6.66134e-16 
2.22045e-16 
2.22045e-16 
2.22045e-16 
0 
2.22045e-16 
4.44089e-16 
8.88178e-16 
4.44089e-16 
0 
0 
4.44089e-16 
2.22045e-16 
6.66134e-16 
4.44089e-16 
0 
2.22045e-16 
2.22045e-16 
4.44089e-16 
6.66134e-16 
2.22045e-16 
8.88178e-16 
2.22045e-16 
6.66134e-16 
6.66134e-16 
6.66134e-16 
0 
4.44089e-16 
2.22045e-16 
6.66134e-16 
4.44089e-16 
4.44089e-16 
6.66134e-16 
6.66134e-16 
6.66134e-16 
8.88178e-16 
2.22045e-16 
2.22045e-16 
4.44089e-16 
6.66134e-16 
2.22045e-16 
6.66134e-16 
4.44089e-16 
6.66134e-16 
2.22045e-16 
2.22045e-16 
2.22045e-16 
0 
2.22045e-16 
6.66134e-16 
2.22045e-16 
2.22045e-16 
0 
6.66134e-16 
2.22045e-16 
6.66134e-16 
0 
4.44089e-16 
0 
2.22045e-16 
2.22045e-16 
4.44089e-16 
0 
4.44089e-16 
2.22045e-16 
0 
4.44089e-16 
2.22045e-16 
4.44089e-16 
6.66134e-16 
2.22045e-16 
6.66134e-16 
2.22045e-16 
4.44089e-16 
2.22045e-16 
4.44089e-16 
2.22045e-16 
6.66134e-16 
2.22045e-16 
6.66134e-16 
0 
2.22045e-16 
0 
0 
0 
0 
2.22045e-16 
8.88178e-16 
0 
2.22045e-16 
2.22045e-16 
2.22045e-16 
4.44089e-16 
8.88178e-16 
2.22045e-16 
8.88178e-16 
2.22045e-16 
2.22045e-16 
4.44089e-16 
8.88178e-16 
2.22045e-16 
6.66134e-16 
4.44089e-16 
2.22045e-16 
2.22045e-16 
0 
4.44089e-16 
6.66134e-16 
2.22045e-16 
6.66134e-16 
2.22045e-16 
4.44089e-16 
4.44089e-16 
8.88178e-16 
6.66134e-16 
0 
0 
4.44089e-16 
2.22045e-16 
4.44089e-16 
0 
2.22045e-16 
2.22045e-16 
6.66134e-16 
4.44089e-16 
4.44089e-16 
4.44089e-16 
0 
0 
6.66134e-16 
0 
8.88178e-16 
4.44089e-16 
6.66134e-16 
0 
8.88178e-16 
2.22045e-16 
0 
2.22045e-16 
4.44089e-16 
4.44089e-16 
2.22045e-16 
6.66134e-16 
2.22045e-16 
6.66134e-16 
6.66134e-16 
4.44089e-16 
8.88178e-16 
4.44089e-16 
6.66134e-16 
2.22045e-16 
8.88178e-16 
2.22045e-16 
0 
0 
6.66134e-16 
2.22045e-16 
2.22045e-16 
6.66134e-16 
6.66134e-16 
4.44089e-16 
4.44089e-16 
0 
4.44089e-16 
0 
2.22045e-16 
0 
4.44089e-16 
0 
8.88178e-16 
4.44089e-16 
6.66134e-16 
0 
0 
0 
8.88178e-16 
2.22045e-16 
6.66134e-16 
0 
4.44089e-16 
6.66134e-16 
4.44089e-16 
2.22045e-16 
2.22045e-16 
4.44089e-16 
8.88178e-16 
4.44089e-16 
4.44089e-16 
2.22045e-16 
8.88178e-16 
0 
4.44089e-16 
2.22045e-16 
8.88178e-16 
0 
4.44089e-16 
0 
0 
0 
8.88178e-16 
2.22045e-16 
2.22045e-16 
4.44089e-16 
4.44089e-16 
4.44089e-16 
8.88178e-16 
0 
2.22045e-16 
2.22045e-16 
8.88178e-16 
2.22045e-16 
6.66134e-16 
2.22045e-16 
4.44089e-16 
6.66134e-16 
2.22045e-16 
2.22045e-16 
8.88178e-16 
2.22045e-16 
2.22045e-16 
4.44089e-16 
6.66134e-16 
4.44089e-16 
6.66134e-16 
0 
8.88178e-16 
4.44089e-16 
6.66134e-16 
4.44089e-16 
2.22045e-16 
0 
2.22045e-16 
6.66134e-16 
6.66134e-16 
2.22045e-16 
0 
0 
0 
4.44089e-16 
0 
4.44089e-16 
2.22045e-16 
4.44089e-16 
4.44089e-16 
4.44089e-16 
4.44089e-16 
2.22045e-16 
6.66134e-16 
2.22045e-16 
2.22045e-16 
4.44089e-16 
4.44089e-16 
2.22045e-16 
4.44089e-16 
2.22045e-16 
6.66134e-16 
2.22045e-16 
4.44089e-16 
2.22045e-16 
6.66134e-16 
2.22045e-16 
0 
4.44089e-16 
2.22045e-16 
6.66134e-16 
4.44089e-16 
2.22045e-16 
6.66134e-16 
6.66134e-16 
6.66134e-16 
4.44089e-16 
6.66134e-16 
0 
8.88178e-16 
4.44089e-16 
4.44089e-16 
2.22045e-16 
4.44089e-16 
2.22045e-16 
6.66134e-16 
2.22045e-16 
8.88178e-16 
2.22045e-16 
2.22045e-16 
2.22045e-16 
2.22045e-16 
6.66134e-16 
8.88178e-16 
0 
4.44089e-16 
4.44089e-16 
4.44089e-16 
4.44089e-16 
2.22045e-16 
0 
4.44089e-16 
6.66134e-16 
6.66134e-16 
0 
2.22045e-16 
2.22045e-16 
8.88178e-16 
4.44089e-16 
8.88178e-16 
4.44089e-16 
6.66134e-16 
0 
2.22045e-16 
4.44089e-16 
8.88178e-16 
0 
2.22045e-16 
2.22045e-16 
4.44089e-16 
0 
6.66134e-16 
0 
6.66134e-16 
2.22045e-16 
2.22045e-16 
6.66134e-16 
2.22045e-16 
4.44089e-16 
2.22045e-16 
0 
0 
4.44089e-16 
0 
6.66134e-16 
6.66134e-16 
4.44089e-16 
6.66134e-16 
6.66134e-16 
0 
0 
6.66134e-16 
2.22045e-16 
4.44089e-16 
4.44089e-16 
0 
2.22045e-16 
6.66134e-16 
4.44089e-16 
6.66134e-16 
2.22045e-16 
2.22045e-16 
6.66134e-16 
8.88178e-16 
4.44089e-16 
6.66134e-16 
2.22045e-16 
0 
0 
0 
6.66134e-16 
6.66134e-16 
4.44089e-16 
6.66134e-16 
4.44089e-16 
6.66134e-16 
2.22045e-16 
0 
4.44089e-16 
6.66134e-16 
4.44089e-16 
0 
2.22045e-16 
4.44089e-16 
0 
6.66134e-16 
4.44089e-16 
4.44089e-16 
4.44089e-16 
4.44089e-16 
4.44089e-16 
4.44089e-16 
2.22045e-16 
4.44089e-16 
6.66134e-16 
8.88178e-16 
0 
8.88178e-16 
2.22045e-16 
6.66134e-16 
2.22045e-16 
8.88178e-16 
4.44089e-16 
8.88178e-16 
2.22045e-16 
8.88178e-16 
6.66134e-16 
6.66134e-16 
2.22045e-16 
2.22045e-16 
0 
8.88178e-16 
4.44089e-16 
8.88178e-16 
2.22045e-16 
8.88178e-16 
4.44089e-16 
4.44089e-16 
4.44089e-16 
6.66134e-16 
0 
8.88178e-16 
2.22045e-16 
6.66134e-16 
4.44089e-16 
4.44089e-16 
0 
6.66134e-16 
2.22045e-16 
8.88178e-16 
4.44089e-16 
6.66134e-16 
4.44089e-16 
6.66134e-16 
0 
2.22045e-16 
2.22045e-16 
0 
2.22045e-16 
6.66134e-16 
4.44089e-16 
0 
2.22045e-16 
2.22045e-16 
0 
6.66134e-16 
4.44089e-16 
4.44089e-16 
4.44089e-16 
6.66134e-16 
2.22045e-16 
8.88178e-16 
4.44089e-16 
8.88178e-16 
4.44089e-16 
2.22045e-16 
0 
4.44089e-16 
0 
2.22045e-16 
2.22045e-16 
0 
0 
0 
0 
6.66134e-16 
4.44089e-16 
8.88178e-16 
0 
2.22045e-16 
0 
6.66134e-16 
0 
6.66134e-16 
2.22045e-16 
0 
6.66134e-16 
4.44089e-16 
0 
0 
0 
4.44089e-16 
2.22045e-16 
8.88178e-16 
2.22045e-16 
2.22045e-16 
0 
2.22045e-16 
4.44089e-16 
6.66134e-16 
4.44089e-16 
4.44089e-16 
6.66134e-16 
2.22045e-16 
6.66134e-16 
8.88178e-16 
2.22045e-16 
2.22045e-16 
2.22045e-16 
4.44089e-16 
2.22045e-16 
0 
2.22045e-16 
4.44089e-16 
2.22045e-16 
6.66134e-16 
6.66134e-16 
6.66134e-16 
4.44089e-16 
8.88178e-16 
6.66134e-16 
2.22045e-16 
0 
2.22045e-16 
0 
4.44089e-16 
0 
8.88178e-16 
4.44089e-16 
8.88178e-16 
4.44089e-16 
2.22045e-16 
0 
0 
0 
2.22045e-16 
2.22045e-16 
8.88178e-16 
4.44089e-16 
8.88178e-16 
4.44089e-16 
4.44089e-16 
0 
0 
0 
2.22045e-16 
2.22045e-16 
8.88178e-16 
4.44089e-16 
8.88178e-16 
4.44089e-16 
4.44089e-16 
0 
0 
0 
2.22045e-16 
2.22045e-16 
8.88178e-16 
4.44089e-16 
8.88178e-16 
4.44089e-16 
4.44089e-16 
0 
0 
0 
2.22045e-16 
2.22045e-16 
8.88178e-16 
4.44089e-16 
8.88178e-16 
4.44089e-16 
2.22045e-16 
0 
0 
0 
2.22045e-16 
2.22045e-16 
8.88178e-16 
4.44089e-16 
8.88178e-16 
6.66134e-16 
2.22045e-16 
0 
2.22045e-16 
0 
4.44089e-16 
0 
6.66134e-16 
4.44089e-16 
8.88178e-16 
6.66134e-16 
2.22045e-16 
0 
2.22045e-16 
0 
6.66134e-16 
0 
4.44089e-16 
4.44089e-16 
8.88178e-16 
0 
0 
0 
4.44089e-16 
2.22045e-16 
6.66134e-16 
6.66134e-16 
4.44089e-16 
4.44089e-16 
6.66134e-16 
0 
0 
2.22045e-16 
4.44089e-16 
2.22045e-16 
8.88178e-16 
6.66134e-16 
2.22045e-16 
2.22045e-16 
6.66134e-16 
2.22045e-16 
0 
2.22045e-16 
6.66134e-16 
2.22045e-16 
8.88178e-16 
4.44089e-16 
2.22045e-16 
2.22045e-16 
4.44089e-16 
2.22045e-16 
0 
2.22045e-16 
6.66134e-16 
2.22045e-16 
8.88178e-16 
4.44089e-16 
2.22045e-16 
2.22045e-16 
4.44089e-16 
2.22045e-16 
0 
2.22045e-16 
6.66134e-16 
2.22045e-16 
8.88178e-16 
4.44089e-16 
2.22045e-16 
2.22045e-16 
4.44089e-16 
2.22045e-16 
0 
2.22045e-16 
6.66134e-16 
2.22045e-16 
8.88178e-16 
4.44089e-16 
2.22045e-16 
2.22045e-16 
4.44089e-16 
2.22045e-16 
0 
2.22045e-16 
6.66134e-16 
2.22045e-16 
8.88178e-16 
4.44089e-16 
2.22045e-16 
2.22045e-16 
4.44089e-16 
2.22045e-16 
0 
2.22045e-16 
6.66134e-16 
2.22045e-16 
8.88178e-16 
4.44089e-16 
2.22045e-16 
2.22045e-16 
4.44089e-16 
2.22045e-16 
0 
2.22045e-16 
6.66134e-16 
2.22045e-16 
8.88178e-16 
4.44089e-16 
2.22045e-16 
2.22045e-16 
4.44089e-16 
2.22045e-16 
0 
2.22045e-16 
6.66134e-16 
2.22045e-16 
8.88178e-16 
4.44089e-16 
2.22045e-16 
2.22045e-16 
4.44089e-16 
2.22045e-16 
0 
2.22045e-16 
6.66134e-16 
2.22045e-16 
8.88178e-16 
4.44089e-16 
2.22045e-16 
2.22045e-16 
4.44089e-16 
2.22045e-16 
0 
2.22045e-16 
6.66134e-16 
2.22045e-16 
8.88178e-16 
4.44089e-16 
2.22045e-16 
2.22045e-16 
4.44089e-16 
2.22045e-16 
0 
2.22045e-16 
6.66134e-16 
2.22045e-16 
8.88178e-16 
4.44089e-16 
2.22045e-16 
2.22045e-16 
4.44089e-16 
2.22045e-16 
0 
2.22045e-16 
6.66134e-16 
2.22045e-16 
8.88178e-16 
4.44089e-16 
2.22045e-16 
2.22045e-16 
4.44089e-16 
2.22045e-16 
0 
2.22045e-16 
6.66134e-16 
2.22045e-16 
8.88178e-16 
4.44089e-16 
2.22045e-16 
2.22045e-16 
4.44089e-16 
2.22045e-16 
0 
2.22045e-16 
6.66134e-16 
2.22045e-16 
8.88178e-16 
4.44089e-16 
2.22045e-16 
2.22045e-16 
4.44089e-16 
2.22045e-16 
0 
2.22045e-16 
6.66134e-16 
2.22045e-16 
8.88178e-16 
4.44089e-16 
2.22045e-16 
2.22045e-16 
4.44089e-16 
2.22045e-16 
0 
2.22045e-16 
6.66134e-16 
2.22045e-16 
8.88178e-16 
4.44089e-16 
2.22045e-16 
2.22045e-16 
4.44089e-16 
2.22045e-16 
0 
2.22045e-16 
6.66134e-16 
2.22045e-16 
8.88178e-16 
4.44089e-16 
2.22045e-16 
2.22045e-16 
4.44089e-16 
2.22045e-16 
0 
2.22045e-16 
6.66134e-16 
2.22045e-16 
8.88178e-16 
4.44089e-16 
2.22045e-16 
2.22045e-16 
4.44089e-16 
2.22045e-16 
0 
2.22045e-16 
6.66134e-16 
2.22045e-16 
8.88178e-16 
4.44089e-16 
2.22045e-16 
2.22045e-16 
4.44089e-16 
2.22045e-16 
0 
2.22045e-16 
6.66134e-16 
2.22045e-16 
8.88178e-16 
4.44089e-16 
2.22045e-16 
2.22045e-16 
4.44089e-16 
2.22045e-16 
0 
2.22045e-16 
6.66134e-16 
2.22045e-16 
8.88178e-16 
4.44089e-16 
2.22045e-16 
2.22045e-16 
4.44089e-16 
2.22045e-16 
0 
2.22045e-16 
6.66134e-16 
2.22045e-16 
8.88178e-16 
4.44089e-16 
2.22045e-16 
2.22045e-16 
4.44089e-16 
2.22045e-16 
0 
2.22045e-16 
6.66134e-16 
2.22045e-16 
8.88178e-16 
4.44089e-16 
2.22045e-16 
2.22045e-16 
4.44089e-16 
2.22045e-16 
0 
2.22045e-16 
6.66134e-16 
2.22045e-16 
8.88178e-16 
4.44089e-16 
2.22045e-16 
2.22045e-16 
4.44089e-16 
2.22045e-16 
0 
2.22045e-16 
6.66134e-16 
2.22045e-16 
8.88178e-16 
4.44089e-16 
2.22045e-16 
2.22045e-16 
4.44089e-16 
2.22045e-16 
0 
2.22045e-16 
6.66134e-16 
2.22045e-16 
8.88178e-16 
4.44089e-16 
2.22045e-16 
2.22045e-16 
4.44089e-16 
2.22045e-16 
0 
2.22045e-16 
6.66134e-16 
2.22045e-16 
8.88178e-16 
4.44089e-16 
2.22045e-16 
2.22045e-16 
4.44089e-16 
2.22045e-16 
0 
2.22045e-16 
6.66134e-16 
2.22045e-16 
8.88178e-16 
4.44089e-16 
2.22045e-16 
2.22045e-16 
4.44089e-16 
2.22045e-16 
0 
2.22045e-16 
6.66134e-16 
2.22045e-16 
8.88178e-16 
4.44089e-16 
2.22045e-16 
2.22045e-16 
4.44089e-16 
2.22045e-16 
0 
2.22045e-16 
6.66134e-16 
2.22045e-16 
8.88178e-16 
4.44089e-16 
2.22045e-16 
2.22045e-16 
4.44089e-16 
2.22045e-16 
0 
2.22045e-16 
6.66134e-16 
2.22045e-16 
8.88178e-16 
4.44089e-16 
2.22045e-16 
2.22045e-16 
4.44089e-16 
2.22045e-16 
0 
2.22045e-16 
6.66134e-16 
2.22045e-16 
8.88178e-16 
4.44089e-16 
2.22045e-16 
2.22045e-16 
4.44089e-16 
2.22045e-16 
0 
2.22045e-16 
6.66134e-16 
2.22045e-16 
8.88178e-16 
4.44089e-16 
2.22045e-16 
2.22045e-16 
4.44089e-16 
2.22045e-16 
0 
2.22045e-16 
6.66134e-16 
2.22045e-16 
8.88178e-16 
4.44089e-16 
2.22045e-16 
2.22045e-16 
4.44089e-16 
2.22045e-16 
0 
2.22045e-16 
6.66134e-16 
2.22045e-16 
8.88178e-16 
4.44089e-16 
2.22045e-16 
2.22045e-16 
4.44089e-16 
2.22045e-16 
0 
2.22045e-16 
6.66134e-16 
2.22045e-16 
8.88178e-16 
4.44089e-16 
2.22045e-16 
2.22045e-16 
4.44089e-16 
2.22045e-16 
0 
2.22045e-16 
6.66134e-16 
2.22045e-16 
8.88178e-16 
4.44089e-16 
2.22045e-16 
2.22045e-16 
4.44089e-16 
2.22045e-16 
0 
2.22045e-16 
6.66134e-16 
2.22045e-16 
8.88178e-16 
4.44089e-16 
2.22045e-16 
2.22045e-16 
4.44089e-16 
2.22045e-16 
0 
2.22045e-16 
6.66134e-16 
2.22045e-16 
8.88178e-16 
4.44089e-16 
2.22045e-16 
2.22045e-16 
4.44089e-16 
2.22045e-16 
0 
2.22045e-16 
6.66134e-16 
2.22045e-16 
8.88178e-16 
4.44089e-16 
2.22045e-16 
2.22045e-16 
4.44089e-16 
2.22045e-16 
0 
2.22045e-16 
6.66134e-16 
2.22045e-16 
8.88178e-16 
4.44089e-16 
2.22045e-16 
2.22045e-16 
4.44089e-16 
2.22045e-16 
0 
2.22045e-16 
6.66134e-16 
2.22045e-16 
8.88178e-16 
4.44089e-16 
2.22045e-16 
2.22045e-16 
4.44089e-16 
2.22045e-16 
0 
2.22045e-16 
6.66134e-16 
2.22045e-16 
8.88178e-16 
4.44089e-16 
2.22045e-16 
2.22045e-16 
4.44089e-16 
2.22045e-16 
0 
2.22045e-16 
6.66134e-16 
2.22045e-16 
8.88178e-16 
4.44089e-16 
2.22045e-16 
2.22045e-16 
4.44089e-16 
2.22045e-16 
0 
2.22045e-16 
6.66134e-16 
2.22045e-16 
8.88178e-16 
4.44089e-16 
2.22045e-16 
2.22045e-16 
4.44089e-16 
2.22045e-16 
0 
2.22045e-16 
6.66134e-16 
2.22045e-16 
8.88178e-16 
4.44089e-16 
2.22045e-16 
2.22045e-16 
4.44089e-16 
2.22045e-16 
0 
2.22045e-16 
6.66134e-16 
2.22045e-16 
8.88178e-16 
4.44089e-16 
2.22045e-16 
2.22045e-16 
4.44089e-16 
2.22045e-16 
0 
2.22045e-16 
6.66134e-16 
2.22045e-16 
8.88178e-16 
4.44089e-16 
2.22045e-16 
2.22045e-16 
4.44089e-16 
2.22045e-16 
0 
2.22045e-16 
6.66134e-16 
2.22045e-16 
8.88178e-16 
4.44089e-16 
2.22045e-16 
2.22045e-16 
4.44089e-16 
2.22045e-16 
0 
2.22045e-16 
6.66134e-16 
2.22045e-16 
8.88178e-16 
4.44089e-16 
2.22045e-16 
2.22045e-16 
4.44089e-16 
2.22045e-16 
0 
2.22045e-16 
6.66134e-16 
2.22045e-16 
8.88178e-16 
4.44089e-16 
2.22045e-16 
2.22045e-16 
4.44089e-16 
2.22045e-16 
0 
2.22045e-16 
6.66134e-16 
2.22045e-16 
8.88178e-16 
4.44089e-16 
2.22045e-16 
2.22045e-16 
4.44089e-16 
2.22045e-16 
0 
2.22045e-16 
6.66134e-16 
2.22045e-16 
8.88178e-16 
4.44089e-16 
2.22045e-16 
2.22045e-16 
4.44089e-16 
2.22045e-16 
0 
2.22045e-16 
6.66134e-16 
2.22045e-16 
8.88178e-16 
4.44089e-16 
2.22045e-16 
2.22045e-16 
4.44089e-16 
2.22045e-16 
0 
2.22045e-16 
6.66134e-16 
2.22045e-16 
8.88178e-16 
4.44089e-16 
2.22045e-16 
2.22045e-16 
4.44089e-16 
2.22045e-16 
0 
2.22045e-16 
6.66134e-16 
2.22045e-16 
8.88178e-16 
4.44089e-16 
2.22045e-16 
2.22045e-16 
4.44089e-16 
2.22045e-16 
0 
2.22045e-16 
6.66134e-16 
2.22045e-16 
8.88178e-16 
4.44089e-16 
2.22045e-16 
2.22045e-16 
4.44089e-16 
2.22045e-16 
0 
2.22045e-16 
6.66134e-16 
2.22045e-16 
8.88178e-16 
4.44089e-16 
2.22045e-16 
2.22045e-16 
4.44089e-16 
2.22045e-16 
0 
2.22045e-16 
6.66134e-16 
2.22045e-16 
8.88178e-16 
4.44089e-16 
2.22045e-16 
2.22045e-16 
4.44089e-16 
2.22045e-16 
0 
2.22045e-16 
6.66134e-16 
2.22045e-16 
8.88178e-16 
4.44089e-16 
2.22045e-16 
2.22045e-16 
4.44089e-16 
2.22045e-16 
0 
2.22045e-16 
6.66134e-16 
2.22045e-16 
8.88178e-16 
4.44089e-16 
2.22045e-16 
2.22045e-16 
4.44089e-16 
2.22045e-16 
0 
2.22045e-16 
6.66134e-16 
2.22045e-16 
8.88178e-16 
4.44089e-16 
2.22045e-16 
2.22045e-16 
4.44089e-16 
2.22045e-16 
0 
2.22045e-16 
6.66134e-16 
2.22045e-16 
8.88178e-16 
4.44089e-16 
2.22045e-16 
2.22045e-16 
4.44089e-16 
2.22045e-16 
0 
2.22045e-16 
6.66134e-16 
2.22045e-16 
8.88178e-16 
4.44089e-16 
2.22045e-16 
2.22045e-16 
4.44089e-16 
2.22045e-16 
0 
2.22045e-16 
6.66134e-16 
2.22045e-16 
8.88178e-16 
4.44089e-16 
2.22045e-16 
2.22045e-16 
4.44089e-16 
2.22045e-16 
0 
2.22045e-16 
6.66134e-16 
2.22045e-16 
8.88178e-16 
4.44089e-16 
2.22045e-16 
2.22045e-16 
4.44089e-16 
2.22045e-16 
0 
2.22045e-16 
6.66134e-16 
2.22045e-16 
8.88178e-16 
4.44089e-16 
2.22045e-16 
2.22045e-16 
4.44089e-16 
2.22045e-16 
0 
2.22045e-16 
6.66134e-16 
2.22045e-16 
8.88178e-16 
4.44089e-16 
2.22045e-16 
2.22045e-16 
4.44089e-16 
2.22045e-16 
0 
2.22045e-16 
6.66134e-16 
2.22045e-16 
8.88178e-16 
4.44089e-16 
2.22045e-16 
2.22045e-16 
4.44089e-16 
2.22045e-16 
0 
2.22045e-16 
6.66134e-16 
2.22045e-16 
8.88178e-16 
4.44089e-16 
2.22045e-16 
2.22045e-16 
4.44089e-16 
2.22045e-16 
0 
2.22045e-16 
6.66134e-16 
2.22045e-16 
8.88178e-16 
4.44089e-16 
2.22045e-16 
2.22045e-16 
4.44089e-16 
2.22045e-16 
0 
2.22045e-16 
6.66134e-16 
2.22045e-16 
8.88178e-16 
4.44089e-16 
2.22045e-16 
2.22045e-16 
4.44089e-16 
2.22045e-16 
0 
2.22045e-16 
6.66134e-16 
2.22045e-16 
8.88178e-16 
4.44089e-16 
2.22045e-16 
2.22045e-16 
4.44089e-16 
2.22045e-16 
0 
2.22045e-16 
6.66134e-16 
2.22045e-16 
8.88178e-16 
4.44089e-16 
2.22045e-16 
2.22045e-16 
4.44089e-16 
2.22045e-16 
0 
2.22045e-16 
6.66134e-16 
2.22045e-16 
8.88178e-16 
4.44089e-16 
2.22045e-16 
2.22045e-16 
4.44089e-16 
2.22045e-16 
0 
2.22045e-16 
6.66134e-16 
2.22045e-16 
8.88178e-16 
4.44089e-16 
2.22045e-16 
2.22045e-16 
4.44089e-16 
2.22045e-16 
0 
2.22045e-16 
6.66134e-16 
2.22045e-16 
8.88178e-16 
4.44089e-16 
2.22045e-16 
2.22045e-16 
4.44089e-16 
2.22045e-16 
0 
2.22045e-16 
6.66134e-16 
2.22045e-16 
8.88178e-16 
4.44089e-16 
2.22045e-16 
2.22045e-16 
4.44089e-16 
2.22045e-16 
0 
2.22045e-16 
6.66134e-16 
2.22045e-16 
8.88178e-16 
4.44089e-16 
2.22045e-16 
2.22045e-16 
4.44089e-16 
2.22045e-16 
0 
2.22045e-16 
6.66134e-16 
2.22045e-16 
8.88178e-16 
4.44089e-16 
2.22045e-16 
2.22045e-16 
4.44089e-16 
2.22045e-16 
0 
2.22045e-16 
6.66134e-16 
2.22045e-16 
8.88178e-16 
4.44089e-16 
2.22045e-16 
2.22045e-16 
4.44089e-16 
2.22045e-16 
0 
2.22045e-16 
6.66134e-16 
2.22045e-16 
8.88178e-16 
4.44089e-16 
2.22045e-16 
2.22045e-16 
4.44089e-16 
2.22045e-16 
0 
2.22045e-16 
6.66134e-16 
2.22045e-16 
8.88178e-16 
4.44089e-16 
2.22045e-16 
2.22045e-16 
4.44089e-16 
2.22045e-16 
0 
2.22045e-16 
6.66134e-16 
2.22045e-16 
8.88178e-16 
4.44089e-16 
2.22045e-16 
2.22045e-16 
4.44089e-16 
2.22045e-16 
0 
2.22045e-16 
6.66134e-16 
2.22045e-16 
8.88178e-16 
4.44089e-16 
2.22045e-16 
2.22045e-16 
4.44089e-16 
2.22045e-16 
0 
2.22045e-16 
6.66134e-16 
2.22045e-16 
8.88178e-16 
4.44089e-16 
2.22045e-16 
2.22045e-16 
4.44089e-16 
2.22045e-16 
0 
2.22045e-16 
6.66134e-16 
2.22045e-16 
8.88178e-16 
4.44089e-16 
2.22045e-16 
2.22045e-16 
4.44089e-16 
2.22045e-16 
0 
2.22045e-16 
6.66134e-16 
2.22045e-16 
8.88178e-16 
4.44089e-16 
2.22045e-16 
2.22045e-16 
4.44089e-16 
2.22045e-16 
0 
2.22045e-16 
6.66134e-16 
2.22045e-16 
8.88178e-16 
4.44089e-16 
2.22045e-16 
2.22045e-16 
4.44089e-16 
2.22045e-16 
0 
2.22045e-16 
6.66134e-16 
2.22045e-16 
8.88178e-16 
4.44089e-16 
2.22045e-16 
2.22045e-16 
4.44089e-16 
2.22045e-16 
0 
2.22045e-16 
6.66134e-16 
2.22045e-16 
8.88178e-16 
4.44089e-16 
2.22045e-16 
2.22045e-16 
4.44089e-16 
2.22045e-16 
0 
2.22045e-16 
6.66134e-16 
2.22045e-16 
8.88178e-16 
4.44089e-16 
2.22045e-16 
2.22045e-16 
4.44089e-16 
2.22045e-16 
0 
2.22045e-16 
6.66134e-16 
2.22045e-16 
8.88178e-16 
4.44089e-16 
2.22045e-16 
2.22045e-16 
4.44089e-16 
2.22045e-16 
0 
2.22045e-16 
6.66134e-16 
2.22045e-16 
8.88178e-16 
4.44089e-16 
2.22045e-16 
2.22045e-16 
4.44089e-16 
2.22045e-16 
0 
2.22045e-16 
6.66134e-16 
2.22045e-16 
8.88178e-16 
4.44089e-16 
2.22045e-16 
2.22045e-16 
4.44089e-16 
2.22045e-16 
0 
2.22045e-16 
6.66134e-16 
2.22045e-16 
8.88178e-16 
4.44089e-16 
2.22045e-16 
2.22045e-16 
4.44089e-16 
2.22045e-16 
0 
2.22045e-16 
6.66134e-16 
2.22045e-16 
8.88178e-16 
4.44089e-16 
2.22045e-16 
2.22045e-16 
4.44089e-16 
2.22045e-16 
0 
2.22045e-16 
6.66134e-16 
2.22045e-16 
8.88178e-16 
4.44089e-16 
2.22045e-16 
2.22045e-16 
4.44089e-16 
2.22045e-16 
0 
2.22045e-16 
6.66134e-16 
2.22045e-16 
8.88178e-16 
4.44089e-16 
2.22045e-16 
2.22045e-16 
4.44089e-16 
2.22045e-16 
0 
2.22045e-16 
6.66134e-16 
2.22045e-16 
8.88178e-16 
4.44089e-16 
2.22045e-16 
2.22045e-16 
4.44089e-16 
2.22045e-16 
0 
2.22045e-16 
6.66134e-16 
2.22045e-16 
8.88178e-16 
4.44089e-16 
2.22045e-16 
2.22045e-16 
4.44089e-16 
2.22045e-16 
0 
2.22045e-16 
6.66134e-16 
2.22045e-16 
8.88178e-16 
4.44089e-16 
2.22045e-16 
2.22045e-16 
4.44089e-16 
2.22045e-16 
0 
2.22045e-16 
6.66134e-16 
2.22045e-16 
8.88178e-16 
4.44089e-16 
2.22045e-16 
2.22045e-16 
4.44089e-16 
2.22045e-16 
0 
2.22045e-16 
6.66134e-16 
2.22045e-16 
8.88178e-16 
4.44089e-16 
2.22045e-16 
2.22045e-16 
4.44089e-16 
2.22045e-16 
0 
2.22045e-16 
6.66134e-16 
2.22045e-16 
8.88178e-16 
4.44089e-16 
2.22045e-16 
2.22045e-16 
4.44089e-16 
2.22045e-16 
0 
2.22045e-16 
6.66134e-16 
2.22045e-16 
8.88178e-16 
4.44089e-16 
2.22045e-16 
2.22045e-16 
4.44089e-16 
2.22045e-16 
0 
2.22045e-16 
6.66134e-16 
2.22045e-16 
8.88178e-16 
4.44089e-16 
2.22045e-16 
2.22045e-16 
4.44089e-16 
2.22045e-16 
0 
2.22045e-16 
6.66134e-16 
2.22045e-16 
8.88178e-16 
4.44089e-16 
2.22045e-16 
2.22045e-16 
4.44089e-16 
2.22045e-16 
0 
2.22045e-16 
6.66134e-16 
2.22045e-16 
8.88178e-16 
4.44089e-16 
2.22045e-16 
2.22045e-16 
4.44089e-16 
2.22045e-16 
0 
2.22045e-16 
6.66134e-16 
2.22045e-16 
8.88178e-16 
4.44089e-16 
2.22045e-16 
2.22045e-16 
4.44089e-16 
2.22045e-16 
0 
2.22045e-16 
6.66134e-16 
2.22045e-16 
8.88178e-16 
4.44089e-16 
2.22045e-16 
2.22045e-16 
4.44089e-16 
2.22045e-16 
0 
2.22045e-16 
6.66134e-16 
2.22045e-16 
8.88178e-16 
4.44089e-16 
2.22045e-16 
2.22045e-16 
4.44089e-16 
2.22045e-16 
0 
2.22045e-16 
6.66134e-16 
2.22045e-16 
8.88178e-16 
4.44089e-16 
2.22045e-16 
2.22045e-16 
4.44089e-16 
2.22045e-16 
0 
2.22045e-16 
6.66134e-16 
2.22045e-16 
8.88178e-16 
4.44089e-16 
2.22045e-16 
2.22045e-16 
4.44089e-16 
2.22045e-16 
0 
2.22045e-16 
6.66134e-16 
2.22045e-16 
8.88178e-16 
4.44089e-16 
2.22045e-16 
2.22045e-16 
4.44089e-16 
2.22045e-16 
0 
2.22045e-16 
6.66134e-16 
2.22045e-16 
8.88178e-16 
4.44089e-16 
2.22045e-16 
2.22045e-16 
4.44089e-16 
2.22045e-16 
0 
2.22045e-16 
6.66134e-16 
2.22045e-16 
8.88178e-16 
4.44089e-16 
2.22045e-16 
2.22045e-16 
4.44089e-16 
2.22045e-16 
0 
2.22045e-16 
6.66134e-16 
2.22045e-16 
8.88178e-16 
4.44089e-16 
2.22045e-16 
2.22045e-16 
4.44089e-16 
2.22045e-16 
0 
2.22045e-16 
6.66134e-16 
2.22045e-16 
8.88178e-16 
4.44089e-16 
2.22045e-16 
2.22045e-16 
4.44089e-16 
2.22045e-16 
0 
2.22045e-16 
6.66134e-16 
2.22045e-16 
8.88178e-16 
4.44089e-16 
2.22045e-16 
2.22045e-16 
4.44089e-16 
2.22045e-16 
0 
2.22045e-16 
6.66134e-16 
2.22045e-16 
8.88178e-16 
4.44089e-16 
2.22045e-16 
2.22045e-16 
4.44089e-16 
2.22045e-16 
0 
2.22045e-16 
6.66134e-16 
2.22045e-16 
8.88178e-16 
4.44089e-16 
2.22045e-16 
2.22045e-16 
4.44089e-16 
2.22045e-16 
0 
2.22045e-16 
6.66134e-16 
2.22045e-16 
8.88178e-16 
4.44089e-16 
2.22045e-16 
2.22045e-16 
4.44089e-16 
2.22045e-16 
0 
2.22045e-16 
6.66134e-16 
2.22045e-16 
8.88178e-16 
4.44089e-16 
2.22045e-16 
2.22045e-16 
4.44089e-16 
2.22045e-16 
0 
2.22045e-16 
6.66134e-16 
2.22045e-16 
8.88178e-16 
4.44089e-16 
2.22045e-16 
2.22045e-16 
4.44089e-16 
2.22045e-16 
0 
2.22045e-16 
6.66134e-16 
2.22045e-16 
8.88178e-16 
4.44089e-16 
2.22045e-16 
2.22045e-16 
4.44089e-16 
2.22045e-16 
0 
2.22045e-16 
6.66134e-16 
2.22045e-16 
8.88178e-16 
4.44089e-16 
2.22045e-16 
2.22045e-16 
4.44089e-16 
2.22045e-16 
0 
2.22045e-16 
6.66134e-16 
2.22045e-16 
8.88178e-16 
4.44089e-16 
2.22045e-16 
2.22045e-16 
4.44089e-16 
2.22045e-16 
0 
2.22045e-16 
6.66134e-16 
2.22045e-16 
8.88178e-16 
4.44089e-16 
2.22045e-16 
2.22045e-16 
4.44089e-16 
2.22045e-16 
0 
2.22045e-16 
6.66134e-16 
2.22045e-16 
8.88178e-16 
4.44089e-16 
2.22045e-16 
2.22045e-16 
4.44089e-16 
2.22045e-16 
0 
2.22045e-16 
6.66134e-16 
2.22045e-16 
8.88178e-16 
4.44089e-16 
2.22045e-16 
2.22045e-16 
4.44089e-16 
2.22045e-16 
0 
2.22045e-16 
6.66134e-16 
2.22045e-16 
8.88178e-16 
4.44089e-16 
2.22045e-16 
2.22045e-16 
4.44089e-16 
2.22045e-16 
0 
2.22045e-16 
6.66134e-16 
2.22045e-16 
8.88178e-16 
4.44089e-16 
2.22045e-16 
2.22045e-16 
4.44089e-16 
2.22045e-16 
0 
2.22045e-16 
6.66134e-16 
2.22045e-16 
8.88178e-16 
4.44089e-16 
2.22045e-16 
2.22045e-16 
4.44089e-16 
2.22045e-16 
0 
2.22045e-16 
6.66134e-16 
2.22045e-16 
8.88178e-16 
4.44089e-16 
2.22045e-16 
2.22045e-16 
4.44089e-16 
2.22045e-16 
0 
2.22045e-16 
6.66134e-16 
2.22045e-16 
8.88178e-16 
4.44089e-16 
2.22045e-16 
2.22045e-16 
4.44089e-16 
2.22045e-16 
0 
2.22045e-16 
6.66134e-16 
2.22045e-16 
8.88178e-16 
4.44089e-16 
2.22045e-16 
2.22045e-16 
4.44089e-16 
2.22045e-16 
0 
2.22045e-16 
6.66134e-16 
2.22045e-16 
8.88178e-16 
4.44089e-16 
2.22045e-16 
2.22045e-16 
4.44089e-16 
2.22045e-16 
0 
2.22045e-16 
6.66134e-16 
2.22045e-16 
8.88178e-16 
4.44089e-16 
2.22045e-16 
2.22045e-16 
4.44089e-16 
2.22045e-16 
0 
2.22045e-16 
6.66134e-16 
2.22045e-16 
8.88178e-16 
4.44089e-16 
2.22045e-16 
2.22045e-16 
4.44089e-16 
2.22045e-16 
0 
2.22045e-16 
6.66134e-16 
2.22045e-16 
8.88178e-16 
4.44089e-16 
2.22045e-16 
