0 0
0.1 0.00219283
0.2 0.0125813
0.3 0.0769361
0.4 0.378614
0.5 0.990771
0.6 1.69899
0.7 2.47055
0.8 3.30491
0.9 4.17478
1 5.08123
1.1 5.98834
1.2 6.89602
1.3 7.80493
1.4 8.69999
1.5 9.5914
1.6 10.4424
1.7 11.2501
1.8 12.0417
1.9 12.7936
2 13.4669
2.1 14.1137
2.2 14.7159
2.3 15.3024
2.4 15.8622
2.5 16.3702
2.6 16.8751
2.7 17.3304
2.8 17.7685
2.9 18.2403
3 18.6448
3.1 19.0211
3.2 19.384
3.3 19.754
3.4 20.0771
3.5 20.4016
3.6 20.7509
3.7 20.9867
3.8 21.2346
3.9 21.4953
4 21.7738
4.1 22.0419
4.2 22.203
4.3 22.4044
4.4 22.6485
4.5 22.8529
4.6 23.0786
4.7 23.2526
4.8 23.4426
4.9 23.6191
5 23.7644
5.1 23.9358
5.2 24.1238
5.3 24.324
5.4 24.4806
5.5 24.637
5.6 24.8069
5.7 24.9865
5.8 25.1807
5.9 25.3209
6 25.5025
6.1 25.6491
6.2 25.8127
6.3 25.9963
6.4 26.1478
6.5 26.2701
6.6 26.3989
6.7 26.5136
6.8 26.6923
6.9 26.8298
7 26.9934
7.1 27.1445
7.2 27.2842
7.3 27.4168
7.4 27.561
7.5 27.7058
7.6 27.8705
7.7 28.0004
7.8 28.1511
7.9 28.285
8 28.4586
8.1 28.6227
8.2 28.7936
8.3 28.9352
8.4 29.1032
8.5 29.2507
8.6 29.3972
8.7 29.5351
8.8 29.6438
8.9 29.7635
9 29.9021
9.1 30.0219
9.2 30.0957
9.3 30.2577
9.4 30.3513
9.5 30.4757
9.6 30.6184
9.7 30.7413
9.8 30.8565
9.9 31.0292
10 31.212
10.1 31.3442
10.2 31.4969
10.3 31.6252
10.4 31.7351
10.5 31.8486
10.6 31.9771
10.7 32.1025
10.8 32.2337
10.9 32.3855
11 32.5081
11.1 32.6467
11.2 32.7993
11.3 32.9741
11.4 33.0972
11.5 33.2431
11.6 33.412
11.7 33.5732
11.8 33.7647
11.9 33.8835
12 33.994
12.1 34.1088
12.2 34.2533
12.3 34.4346
12.4 34.6325
12.5 34.738
12.6 34.8837
12.7 35.0395
12.8 35.1619
12.9 35.271
13 35.4102
13.1 35.5154
13.2 35.607
13.3 35.6756
13.4 35.8007
13.5 36.005
13.6 36.1088
13.7 36.189
13.8 36.3333
13.9 36.4948
14 36.632
14.1 36.7802
14.2 36.8515
14.3 36.9689
14.4 37.0617
14.5 37.2346
14.6 37.3931
14.7 37.5095
14.8 37.6008
14.9 37.7104
15 37.8922
15.1 38.0524
15.2 38.1518
15.3 38.2508
15.4 38.423
15.5 38.5594
15.6 38.663
15.7 38.7776
15.8 38.9158
15.9 39.0961
16 39.2056
16.1 39.2848
16.2 39.4174
16.3 39.5593
16.4 39.7317
16.5 39.8243
16.6 39.9598
16.7 40.1406
16.8 40.2431
16.9 40.3473
17 40.5421
17.1 40.6963
17.2 40.8
17.3 40.979
17.4 41.0798
17.5 41.174
17.6 41.3546
17.7 41.5486
17.8 41.6678
17.9 41.7608
18 41.9065
18.1 42.0412
18.2 42.1891
18.3 42.3197
18.4 42.4533
18.5 42.6094
18.6 42.7329
18.7 42.8895
18.8 42.9576
18.9 43.0525
19 43.1627
19.1 43.3014
19.2 43.4185
19.3 43.5417
19.4 43.5934
19.5 43.6787
19.6 43.8206
19.7 43.9217
19.8 44.0099
19.9 44.129
20 44.2143
20.1 44.2905
20.2 44.4452
20.3 44.5897
20.4 44.7203
20.5 44.8457
20.6 44.9824
20.7 45.1
20.8 45.1974
20.9 45.2735
21 45.4175
21.1 45.547
21.2 45.6997
21.3 45.7674
21.4 45.8918
21.5 46.036
21.6 46.1793
21.7 46.3133
21.8 46.4568
21.9 46.5264
22 46.6753
22.1 46.8302
22.2 46.8712
22.3 47.002
22.4 47.1204
22.5 47.2317
22.6 47.3583
22.7 47.3987
22.8 47.5296
22.9 47.6472
23 47.786
23.1 47.892
23.2 48.0066
23.3 48.0516
23.4 48.1758
23.5 48.2927
23.6 48.3666
23.7 48.4058
23.8 48.4394
23.9 48.495
24 48.5987
24.1 48.7471
24.2 48.8587
24.3 48.9134
24.4 48.9627
24.5 49.0302
24.6 49.1952
24.7 49.2697
24.8 49.3247
24.9 49.4937
25 49.5782
25.1 49.6778
25.2 49.7419
25.3 49.8435
25.4 50.0093
25.5 50.071
25.6 50.1675
25.7 50.2751
25.8 50.3383
25.9 50.4436
26 50.5543
26.1 50.655
26.2 50.775
26.3 50.8846
26.4 50.9876
26.5 51.0455
26.6 51.1553
26.7 51.2882
26.8 51.3619
26.9 51.4156
27 51.5137
27.1 51.6381
27.2 51.7299
27.3 51.8811
27.4 51.9629
27.5 52.1045
27.6 52.1898
27.7 52.2716
27.8 52.3414
27.9 52.4625
28 52.5739
28.1 52.6695
28.2 52.8101
28.3 52.8249
28.4 52.9607
28.5 53.0708
28.6 53.1892
28.7 53.3408
28.8 53.4913
28.9 53.5483
29 53.6148
29.1 53.7236
29.2 53.7675
29.3 53.89
29.4 53.9781
29.5 54.1226
29.6 54.1963
29.7 54.3067
29.8 54.3761
29.9 54.4995
30 54.5798
30.1 54.6539
30.2 54.7035
30.3 54.8334
30.4 54.9728
30.5 55.0125
30.6 55.131
30.7 55.1373
30.8 55.2302
30.9 55.2517
31 55.3179
31.1 55.4499
31.2 55.5264
31.3 55.5754
31.4 55.6252
31.5 55.7094
31.6 55.7849
31.7 55.847
31.8 55.931
31.9 55.974
32 56.1016
32.1 56.2009
32.2 56.3485
32.3 56.4461
32.4 56.4802
32.5 56.5499
32.6 56.6248
32.7 56.7357
32.8 56.8023
32.9 56.8944
33 56.9558
33.1 57.0135
33.2 57.1515
33.3 57.2042
33.4 57.2711
33.5 57.3235
33.6 57.3528
33.7 57.5074
33.8 57.6198
33.9 57.6974
34 57.8488
34.1 57.9884
34.2 58.0834
34.3 58.1582
34.4 58.3191
34.5 58.5006
34.6 58.619
34.7 58.6332
34.8 58.7049
34.9 58.8208
35 58.9314
35.1 59.0624
35.2 59.1565
35.3 59.2632
35.4 59.3371
35.5 59.4384
35.6 59.5466
35.7 59.6198
35.8 59.7124
35.9 59.826
36 59.8981
36.1 59.9203
36.2 60.0124
36.3 60.0982
36.4 60.2032
36.5 60.3178
36.6 60.4175
36.7 60.5634
36.8 60.6989
36.9 60.7845
37 60.9012
37.1 61.0145
37.2 61.114
37.3 61.1825
37.4 61.308
37.5 61.3996
37.6 61.4911
37.7 61.6479
37.8 61.7397
37.9 61.8367
38 61.9511
38.1 62.0215
38.2 62.1794
38.3 62.2103
38.4 62.3327
38.5 62.4417
38.6 62.5317
38.7 62.6838
38.8 62.875
38.9 62.9872
39 63.1245
39.1 63.226
39.2 63.3293
39.3 63.479
39.4 63.5463
39.5 63.6816
39.6 63.8057
39.7 63.8934
39.8 64.0364
39.9 64.1755
40 64.2592
40.1 64.4024
40.2 64.51
40.3 64.5649
40.4 64.653
40.5 64.775
40.6 64.9008
40.7 64.9499
40.8 65.0197
40.9 65.1128
41 65.2045
41.1 65.3372
41.2 65.426
41.3 65.5154
41.4 65.5826
41.5 65.6433
41.6 65.7084
41.7 65.7545
41.8 65.7507
41.9 65.8466
42 65.9391
42.1 66.0686
42.2 66.1707
42.3 66.2095
42.4 66.2406
42.5 66.2628
42.6 66.328
42.7 66.423
42.8 66.478
42.9 66.551
43 66.6885
43.1 66.7846
43.2 66.9065
43.3 66.9681
43.4 67.0031
43.5 67.1381
43.6 67.3029
43.7 67.3677
43.8 67.4823
43.9 67.6204
44 67.7408
44.1 67.8757
44.2 68.0487
44.3 68.1375
44.4 68.2261
44.5 68.3714
44.6 68.4851
44.7 68.6967
44.8 68.7623
44.9 68.8408
45 68.9312
45.1 69.04
45.2 69.1169
45.3 69.2154
45.4 69.2371
45.5 69.3819
45.6 69.516
45.7 69.6769
45.8 69.836
45.9 69.8255
46 69.9243
46.1 69.9502
46.2 70.0191
46.3 70.1776
46.4 70.1863
46.5 70.2575
46.6 70.3156
46.7 70.4188
46.8 70.5068
46.9 70.628
47 70.7655
47.1 70.881
47.2 70.8791
47.3 70.9692
47.4 71.1219
47.5 71.165
47.6 71.2232
47.7 71.2866
47.8 71.4328
47.9 71.5624
48 71.6561
48.1 71.7951
48.2 71.8757
48.3 72.0289
48.4 72.122
48.5 72.2108
48.6 72.2367
48.7 72.2591
48.8 72.3569
48.9 72.3566
49 72.4012
49.1 72.4912
49.2 72.5768
49.3 72.6671
49.4 72.6745
49.5 72.7403
49.6 72.8325
49.7 72.8743
49.8 72.9536
49.9 73.0741
50 73.1079
50.1 73.1577
50.2 73.227
50.3 73.2804
50.4 73.3938
50.5 73.5025
50.6 73.5289
50.7 73.5793
50.8 73.6569
50.9 73.7324
51 73.8393
51.1 73.9806
51.2 74.069
51.3 74.1409
51.4 74.2283
51.5 74.2828
51.6 74.2959
51.7 74.3234
51.8 74.4039
51.9 74.4802
52 74.5374
52.1 74.5935
52.2 74.7117
52.3 74.8364
52.4 74.911
52.5 74.9568
52.6 75.026
52.7 75.0757
52.8 75.1602
52.9 75.3114
53 75.3559
53.1 75.4322
53.2 75.5389
53.3 75.6509
53.4 75.7757
53.5 75.9005
53.6 76.0117
53.7 76.1732
53.8 76.1784
53.9 76.209
54 76.274
54.1 76.3748
54.2 76.4889
54.3 76.5239
54.4 76.6132
54.5 76.7129
54.6 76.7912
54.7 76.871
54.8 76.9106
54.9 77.0241
55 77.1418
55.1 77.2349
55.2 77.246
55.3 77.3334
55.4 77.4034
55.5 77.5545
55.6 77.682
55.7 77.8325
55.8 77.9753
55.9 78.0413
56 78.1076
56.1 78.2268
56.2 78.3744
56.3 78.4603
56.4 78.5104
56.5 78.6213
56.6 78.7453
56.7 78.7887
56.8 78.901
56.9 79.0001
57 79.0797
57.1 79.1421
57.2 79.3044
57.3 79.3549
57.4 79.5321
57.5 79.5409
57.6 79.6155
57.7 79.6625
57.8 79.719
57.9 79.8482
58 79.9225
58.1 80.008
58.2 80.117
58.3 80.254
58.4 80.288
58.5 80.3711
58.6 80.4208
58.7 80.5215
58.8 80.541
58.9 80.6686
59 80.7253
59.1 80.6894
59.2 80.7865
59.3 80.8958
59.4 81.0006
59.5 81.0503
59.6 81.1766
59.7 81.31
59.8 81.4569
59.9 81.5335
60 81.5399
60.1 81.5879
60.2 81.6982
60.3 81.8038
60.4 81.9481
60.5 82.0372
60.6 82.1354
60.7 82.1474
60.8 82.1983
60.9 82.3316
61 82.3595
61.1 82.5082
61.2 82.5263
61.3 82.6582
61.4 82.6735
61.5 82.7081
61.6 82.8494
61.7 82.9983
61.8 83.0798
61.9 83.1652
62 83.2263
62.1 83.231
62.2 83.2075
62.3 83.2657
62.4 83.3164
62.5 83.2942
62.6 83.3149
62.7 83.3657
62.8 83.4596
62.9 83.5148
63 83.6645
63.1 83.8446
63.2 84.0358
63.3 84.0835
63.4 84.1533
63.5 84.2579
63.6 84.3068
63.7 84.4283
63.8 84.6041
63.9 84.6738
64 84.7718
64.1 84.7873
64.2 84.857
64.3 84.9664
64.4 85.0397
64.5 85.1871
64.6 85.2474
64.7 85.2926
64.8 85.3632
64.9 85.4479
65 85.4889
65.1 85.4943
65.2 85.6424
65.3 85.6843
65.4 85.7458
65.5 85.8236
65.6 85.9473
65.7 85.9595
65.8 86.0705
65.9 86.1973
66 86.2093
66.1 86.3081
66.2 86.3823
66.3 86.3864
66.4 86.4732
66.5 86.5343
66.6 86.6792
66.7 86.6418
66.8 86.6838
66.9 86.7891
67 86.8587
67.1 86.9387
67.2 87.0444
67.3 87.0816
67.4 87.1859
67.5 87.2332
67.6 87.417
67.7 87.458
67.8 87.6498
67.9 87.7526
68 87.822
68.1 87.9223
68.2 88.0214
68.3 88.0948
68.4 88.0443
68.5 88.0623
68.6 88.1057
68.7 88.2185
68.8 88.3689
68.9 88.5569
69 88.6825
69.1 88.7736
69.2 88.7538
69.3 88.8076
69.4 88.9039
69.5 88.8917
69.6 89.0248
69.7 89.1554
69.8 89.3223
69.9 89.3355
70 89.4074
70.1 89.4633
70.2 89.5717
70.3 89.5944
70.4 89.6707
70.5 89.7863
70.6 89.8864
70.7 90.0101
70.8 90.0565
70.9 90.2211
71 90.3311
71.1 90.4386
71.2 90.5252
71.3 90.6308
71.4 90.7126
71.5 90.8587
71.6 90.8901
71.7 90.9933
71.8 91.0648
71.9 91.1096
72 91.2179
72.1 91.205
72.2 91.2627
72.3 91.3332
72.4 91.4457
72.5 91.4222
72.6 91.5466
72.7 91.5857
72.8 91.7159
72.9 91.7743
73 91.8191
73.1 91.854
73.2 91.9609
73.3 92.0646
73.4 92.1829
73.5 92.2796
73.6 92.383
73.7 92.4561
73.8 92.5913
73.9 92.6724
74 92.7505
74.1 92.842
74.2 92.9197
74.3 93.0418
74.4 93.1007
74.5 93.131
74.6 93.2107
74.7 93.2848
74.8 93.3094
74.9 93.4295
75 93.501
75.1 93.6348
75.2 93.7142
75.3 93.7262
75.4 93.8367
75.5 93.8953
75.6 93.9928
75.7 94.0983
75.8 94.1586
75.9 94.1872
76 94.2925
76.1 94.4807
76.2 94.6098
76.3 94.679
76.4 94.7452
76.5 94.7904
76.6 94.9562
76.7 95.0325
76.8 95.1205
76.9 95.3256
77 95.4756
77.1 95.5165
77.2 95.6466
77.3 95.7653
77.4 95.9032
77.5 95.8979
77.6 95.9837
77.7 96.1376
77.8 96.1871
77.9 96.1244
78 96.1477
78.1 96.1657
78.2 96.2545
78.3 96.276
78.4 96.2495
78.5 96.3064
78.6 96.373
78.7 96.4288
78.8 96.4182
78.9 96.4532
79 96.5258
79.1 96.7107
79.2 96.8019
79.3 96.8005
79.4 96.9374
79.5 97.0288
79.6 97.1017
79.7 97.1254
79.8 97.1634
79.9 97.344
80 97.3725
80.1 97.4729
80.2 97.5831
80.3 97.5925
80.4 97.6357
80.5 97.604
80.6 97.6481
80.7 97.8094
80.8 97.972
80.9 98.0776
81 98.1573
81.1 98.2504
81.2 98.2754
81.3 98.2861
81.4 98.3617
81.5 98.4851
81.6 98.5925
81.7 98.6891
81.8 98.7266
81.9 98.768
82 98.888
82.1 99.1032
82.2 99.1719
82.3 99.2962
82.4 99.4071
82.5 99.4866
82.6 99.5744
82.7 99.5933
82.8 99.658
82.9 99.7338
83 99.8409
83.1 99.9059
83.2 100.004
83.3 100.081
83.4 100.237
83.5 100.255
83.6 100.345
83.7 100.367
83.8 100.389
83.9 100.437
84 100.478
84.1 100.58
84.2 100.623
84.3 100.771
84.4 100.788
84.5 100.892
84.6 100.873
84.7 100.968
84.8 101.041
84.9 101.091
85 101.175
85.1 101.297
85.2 101.304
85.3 101.349
85.4 101.35
85.5 101.414
85.6 101.45
85.7 101.479
85.8 101.505
85.9 101.549
86 101.581
86.1 101.664
86.2 101.708
86.3 101.683
86.4 101.762
86.5 101.859
86.6 101.929
86.7 101.961
86.8 102.088
86.9 102.188
87 102.313
87.1 102.422
87.2 102.595
87.3 102.72
87.4 102.706
87.5 102.756
87.6 102.843
87.7 102.901
87.8 102.998
87.9 103.128
88 103.29
88.1 103.381
88.2 103.489
88.3 103.512
88.4 103.663
88.5 103.713
88.6 103.843
88.7 103.91
88.8 103.976
88.9 104.093
89 104.175
89.1 104.27
89.2 104.291
89.3 104.331
89.4 104.462
89.5 104.481
89.6 104.603
89.7 104.753
89.8 104.889
89.9 105.014
90 105.13
90.1 105.165
90.2 105.287
90.3 105.391
90.4 105.513
90.5 105.55
90.6 105.593
90.7 105.703
90.8 105.652
90.9 105.76
91 105.79
91.1 105.866
91.2 105.887
91.3 105.971
91.4 106.048
91.5 106.109
91.6 106.125
91.7 106.18
91.8 106.255
91.9 106.419
92 106.441
92.1 106.483
92.2 106.501
92.3 106.554
92.4 106.69
92.5 106.877
92.6 106.912
92.7 106.937
92.8 106.981
92.9 107.018
93 107.096
93.1 107.072
93.2 107.107
93.3 107.169
93.4 107.253
93.5 107.351
93.6 107.364
93.7 107.489
93.8 107.621
93.9 107.66
94 107.815
94.1 107.92
94.2 108
94.3 108.043
94.4 108.177
94.5 108.243
94.6 108.307
94.7 108.411
94.8 108.441
94.9 108.525
95 108.673
95.1 108.839
95.2 108.933
95.3 109.144
95.4 109.232
95.5 109.328
95.6 109.394
95.7 109.539
95.8 109.624
95.9 109.71
96 109.84
96.1 109.889
96.2 109.979
96.3 110.157
96.4 110.281
96.5 110.386
96.6 110.398
96.7 110.507
96.8 110.547
96.9 110.569
97 110.59
97.1 110.626
97.2 110.708
97.3 110.716
97.4 110.817
97.5 110.883
97.6 110.95
97.7 111.007
97.8 111.071
97.9 111.173
98 111.137
98.1 111.17
98.2 111.2
98.3 111.242
98.4 111.207
98.5 111.221
98.6 111.219
98.7 111.286
98.8 111.388
98.9 111.411
99 111.527
99.1 111.593
99.2 111.718
99.3 111.724
99.4 111.814
99.5 111.901
99.6 112.019
99.7 112.124
99.8 112.241
99.9 112.344
100 112.443
