0 33.25
0.1 33.3027
0.2 33.5278
0.3 33.5305
0.4 33.6559
0.5 33.7316
0.6 33.8627
0.7 33.8082
0.8 33.871
0.9 33.811
1 33.8274
1.1 34.0184
1.2 33.9156
1.3 33.9143
1.4 33.8112
1.5 33.6446
1.6 33.6473
1.7 33.6321
1.8 33.6449
1.9 33.5531
2 33.4965
2.1 33.4626
2.2 33.3068
2.3 33.2973
2.4 33.1545
2.5 33.1384
2.6 33.2014
2.7 33.1111
2.8 33.0194
2.9 32.8853
3 32.8512
3.1 32.6667
3.2 32.5324
3.3 32.3968
3.4 32.2343
3.5 32.3373
3.6 32.3607
3.7 32.4259
3.8 32.3843
3.9 32.224
4 32.2722
4.1 32.0111
4.2 32.0571
4.3 31.7515
4.4 31.8158
4.5 31.5816
4.6 31.4443
4.7 31.3148
4.8 31.2365
4.9 31.0956
5 30.9642
5.1 30.9977
5.2 30.8244
5.3 30.7358
5.4 30.5814
5.5 30.5607
5.6 30.36
5.7 30.1528
5.8 29.9702
5.9 29.9387
6 29.8333
6.1 29.7494
6.2 29.6701
6.3 29.454
6.4 29.397
6.5 29.2457
6.6 29.1852
6.7 29.0366
6.8 28.8395
6.9 28.6862
7 28.4968
7.1 28.4148
7.2 28.3465
7.3 28.1759
7.4 27.9586
7.5 27.9588
7.6 27.8428
7.7 27.6623
7.8 27.5752
7.9 27.4115
8 27.2858
8.1 27.2674
8.2 27.1825
8.3 27.0313
8.4 26.7889
8.5 26.8513
8.6 26.651
8.7 26.571
8.8 26.3802
8.9 26.1937
9 26.0206
9.1 25.8236
9.2 25.8002
9.3 25.7049
9.4 25.5586
9.5 25.4137
9.6 25.2973
9.7 25.0983
9.8 24.9899
9.9 24.9185
10 24.7948
10.1 24.7423
10.2 24.6345
10.3 24.6884
10.4 24.6109
10.5 24.4595
10.6 24.2805
10.7 24.1761
10.8 24.2177
10.9 24.0438
11 23.844
11.1 23.7113
11.2 23.6636
11.3 23.7179
11.4 23.6636
11.5 23.4543
11.6 23.406
11.7 23.258
11.8 23.1227
11.9 22.9296
12 22.8031
12.1 22.6234
12.2 22.5157
12.3 22.4577
12.4 22.3832
12.5 22.2319
12.6 22.0558
12.7 22.0779
12.8 22.0125
12.9 21.9922
13 21.7212
13.1 21.6664
13.2 21.6361
13.3 21.4581
13.4 21.3509
13.5 21.4618
13.6 21.16
13.7 21.1809
13.8 21.1081
13.9 20.9835
14 20.967
14.1 20.8802
14.2 20.8684
14.3 20.7484
14.4 20.7004
14.5 20.6665
14.6 20.5477
14.7 20.4061
14.8 20.3102
14.9 20.1564
15 20.0466
15.1 19.9647
15.2 20.0274
15.3 19.8506
15.4 19.6741
15.5 19.5678
15.6 19.6067
15.7 19.5131
15.8 19.3786
15.9 19.2226
16 19.0521
16.1 19.018
16.2 18.9729
16.3 18.8862
16.4 18.7012
16.5 18.6118
16.6 18.5611
16.7 18.3814
16.8 18.3185
16.9 18.2399
17 18.2848
17.1 18.22
17.2 18.2346
17.3 18.0372
17.4 17.9034
17.5 17.8236
17.6 17.7425
17.7 17.6795
17.8 17.6704
17.9 17.5967
18 17.4541
18.1 17.519
18.2 17.4796
18.3 17.3432
18.4 17.3652
18.5 17.299
18.6 17.2824
18.7 17.2951
18.8 17.1792
18.9 17.0657
19 17.0697
19.1 16.9518
19.2 16.7839
19.3 16.7902
19.4 16.7293
19.5 16.7318
19.6 16.6719
19.7 16.5929
19.8 16.4559
19.9 16.4538
20 16.3067
20.1 16.2356
20.2 16.1865
20.3 16.1734
20.4 16.2167
20.5 16.166
20.6 16.0691
20.7 16.0873
20.8 15.8877
20.9 15.8381
21 15.7662
21.1 15.6905
21.2 15.6561
21.3 15.5317
21.4 15.518
21.5 15.4051
21.6 15.3086
21.7 15.2158
21.8 15.1002
21.9 15.0928
22 15.0156
22.1 15.0286
22.2 14.9891
22.3 14.9485
22.4 14.8067
22.5 14.7692
22.6 14.6669
22.7 14.6721
22.8 14.5952
22.9 14.5814
23 14.4662
23.1 14.4318
23.2 14.384
23.3 14.3356
23.4 14.2513
23.5 14.1768
23.6 14.158
23.7 14.0501
23.8 14.0243
23.9 13.9303
24 13.8815
24.1 13.8858
24.2 13.8034
24.3 13.7771
24.4 13.693
24.5 13.6339
24.6 13.5647
24.7 13.4833
24.8 13.5085
24.9 13.4749
25 13.4206
25.1 13.2254
25.2 13.1338
25.3 13.1071
25.4 13.0119
25.5 13.0055
25.6 12.9104
25.7 12.8038
25.8 12.8041
25.9 12.772
26 12.6189
26.1 12.6496
26.2 12.5571
26.3 12.4926
26.4 12.4446
26.5 12.4912
26.6 12.372
26.7 12.3355
26.8 12.2343
26.9 12.2087
27 11.9796
27.1 11.9377
27.2 11.8615
27.3 11.8466
27.4 11.8414
27.5 11.7464
27.6 11.7172
27.7 11.7395
27.8 11.7323
27.9 11.5972
28 11.5852
28.1 11.4789
28.2 11.3827
28.3 11.3299
28.4 11.276
28.5 11.2795
28.6 11.1542
28.7 11.1532
28.8 11.1284
28.9 11.0979
29 11.0349
29.1 10.9255
29.2 10.9044
29.3 10.8192
29.4 10.7867
29.5 10.6722
29.6 10.6597
29.7 10.5019
29.8 10.5577
29.9 10.5722
30 10.4052
30.1 10.4091
30.2 10.3225
30.3 10.35
30.4 10.2497
30.5 10.2062
30.6 10.2748
30.7 10.2333
30.8 10.1242
30.9 10.0551
31 9.97762
31.1 10.0056
31.2 9.90565
31.3 9.87628
31.4 9.85446
31.5 9.90702
31.6 9.76949
31.7 9.71811
31.8 9.61423
31.9 9.57473
32 9.56302
32.1 9.41247
32.2 9.46319
32.3 9.37467
32.4 9.34587
32.5 9.2825
32.6 9.28029
32.7 9.28409
32.8 9.16905
32.9 9.12773
33 9.0815
33.1 9.07244
33.2 8.98378
33.3 8.9309
33.4 8.90558
33.5 8.88041
33.6 8.83108
33.7 8.87353
33.8 8.82884
33.9 8.80376
34 8.72257
34.1 8.7189
34.2 8.73632
34.3 8.6517
34.4 8.63528
34.5 8.57995
34.6 8.57883
34.7 8.52256
34.8 8.52245
34.9 8.45749
35 8.4274
35.1 8.39372
35.2 8.3635
35.3 8.28622
35.4 8.33368
35.5 8.23351
35.6 8.17642
35.7 8.11427
35.8 8.10793
35.9 8.16278
36 8.1034
36.1 8.04189
36.2 7.98356
36.3 7.95225
36.4 7.95303
36.5 7.78984
36.6 7.76676
36.7 7.75891
36.8 7.72578
36.9 7.70403
37 7.72957
37.1 7.65645
37.2 7.64955
37.3 7.53152
37.4 7.48798
37.5 7.47491
37.6 7.50644
37.7 7.31833
37.8 7.36518
37.9 7.37577
38 7.30688
38.1 7.23656
38.2 7.30499
38.3 7.10959
38.4 7.23095
38.5 7.11282
38.6 7.03353
38.7 7.04387
38.8 7.03044
38.9 7.03474
39 7.002
39.1 6.95004
39.2 6.91683
39.3 6.85242
39.4 6.8039
39.5 6.77311
39.6 6.78336
39.7 6.76151
39.8 6.64799
39.9 6.67983
40 6.63774
40.1 6.63578
40.2 6.54175
40.3 6.50933
40.4 6.53937
40.5 6.50107
40.6 6.45536
40.7 6.47713
40.8 6.37052
40.9 6.3137
41 6.32916
41.1 6.3269
41.2 6.2756
41.3 6.18361
41.4 6.14537
41.5 6.13058
41.6 6.11632
41.7 6.06286
41.8 6.00181
41.9 5.98339
42 5.97758
42.1 5.99248
42.2 5.93218
42.3 5.87443
42.4 5.85959
42.5 5.87623
42.6 5.87602
42.7 5.82409
42.8 5.85667
42.9 5.77989
43 5.72835
43.1 5.67342
43.2 5.6659
43.3 5.6114
43.4 5.60113
43.5 5.58134
43.6 5.52546
43.7 5.54484
43.8 5.51053
43.9 5.4789
44 5.4453
44.1 5.46921
44.2 5.41947
44.3 5.4409
44.4 5.38211
44.5 5.36122
44.6 5.31771
44.7 5.28795
44.8 5.31212
44.9 5.33685
45 5.28912
45.1 5.23258
45.2 5.20403
45.3 5.25454
45.4 5.21305
45.5 5.20184
45.6 5.07623
45.7 5.11457
45.8 5.04855
45.9 4.97497
46 5.03349
46.1 4.96118
46.2 4.95876
46.3 4.90216
46.4 4.88627
46.5 4.88036
46.6 4.83133
46.7 4.84131
46.8 4.85238
46.9 4.85198
47 4.81475
47.1 4.83548
47.2 4.72046
47.3 4.70747
47.4 4.6924
47.5 4.68765
47.6 4.67426
47.7 4.68131
47.8 4.6013
47.9 4.55643
48 4.5619
48.1 4.57248
48.2 4.557
48.3 4.542
48.4 4.49975
48.5 4.48515
48.6 4.46823
48.7 4.44008
48.8 4.45346
48.9 4.37999
49 4.39493
49.1 4.37491
49.2 4.31093
49.3 4.35517
49.4 4.32446
49.5 4.30238
49.6 4.25529
49.7 4.21199
49.8 4.20511
49.9 4.1238
50 4.19529
50.1 4.19294
50.2 4.18122
50.3 4.17504
50.4 4.1526
50.5 4.09836
50.6 4.10571
50.7 4.03237
50.8 4.01686
50.9 4.00592
51 3.93926
51.1 3.98879
51.2 3.90984
51.3 3.87127
51.4 3.86687
51.5 3.84447
51.6 3.82994
51.7 3.82481
51.8 3.82014
51.9 3.80504
52 3.79636
52.1 3.78319
52.2 3.78117
52.3 3.7698
52.4 3.7808
52.5 3.73879
52.6 3.75006
52.7 3.74281
52.8 3.71496
52.9 3.66477
53 3.68211
53.1 3.67927
53.2 3.67733
53.3 3.69654
53.4 3.67552
53.5 3.65045
53.6 3.62448
53.7 3.56497
53.8 3.63834
53.9 3.61119
54 3.59228
54.1 3.496
54.2 3.5373
54.3 3.47995
54.4 3.45743
54.5 3.46704
54.6 3.4442
54.7 3.43764
54.8 3.42272
54.9 3.40246
55 3.40488
55.1 3.38514
55.2 3.39706
55.3 3.32244
55.4 3.275
55.5 3.3198
55.6 3.25708
55.7 3.23825
55.8 3.18687
55.9 3.24718
56 3.21228
56.1 3.27066
56.2 3.26301
56.3 3.19415
56.4 3.18197
56.5 3.19283
56.6 3.13607
56.7 3.1617
56.8 3.13049
56.9 3.09034
57 3.09207
57.1 3.09581
57.2 3.05074
57.3 3.06986
57.4 2.98638
57.5 3.05175
57.6 3.04256
57.7 2.99618
57.8 3.01335
57.9 2.97284
58 2.96342
58.1 2.94855
58.2 2.9552
58.3 2.9685
58.4 2.91776
58.5 2.94646
58.6 2.93174
58.7 2.8549
58.8 2.87164
58.9 2.88168
59 2.87927
59.1 2.86137
59.2 2.85205
59.3 2.80959
59.4 2.83027
59.5 2.79769
59.6 2.80685
59.7 2.81359
59.8 2.7612
59.9 2.7832
60 2.82786
60.1 2.7621
60.2 2.77594
60.3 2.79787
60.4 2.77065
60.5 2.71961
60.6 2.73402
60.7 2.71521
60.8 2.71052
60.9 2.69222
61 2.70338
61.1 2.71304
61.2 2.71025
61.3 2.6713
61.4 2.63581
61.5 2.70706
61.6 2.64841
61.7 2.66575
61.8 2.6466
61.9 2.66495
62 2.63356
62.1 2.66561
62.2 2.64935
62.3 2.62622
62.4 2.65528
62.5 2.6039
62.6 2.63732
62.7 2.61533
62.8 2.61945
62.9 2.60363
63 2.58048
63.1 2.55694
63.2 2.5486
63.3 2.50136
63.4 2.49434
63.5 2.5286
63.6 2.50172
63.7 2.51771
63.8 2.47291
63.9 2.507
64 2.46923
64.1 2.50298
64.2 2.43909
64.3 2.48843
64.4 2.51849
64.5 2.47021
64.6 2.50682
64.7 2.49709
64.8 2.44274
64.9 2.46755
65 2.50919
65.1 2.48748
65.2 2.46873
65.3 2.49444
65.4 2.47309
65.5 2.50627
65.6 2.46168
65.7 2.4805
65.8 2.4545
65.9 2.45446
66 2.40262
66.1 2.4808
66.2 2.42368
66.3 2.41029
66.4 2.40533
66.5 2.38743
66.6 2.39944
66.7 2.35211
66.8 2.40785
66.9 2.41192
67 2.36596
67.1 2.35043
67.2 2.36195
67.3 2.38123
67.4 2.36695
67.5 2.33241
67.6 2.37374
67.7 2.37371
67.8 2.34772
67.9 2.33552
68 2.3505
68.1 2.34769
68.2 2.32643
68.3 2.31123
68.4 2.35968
68.5 2.29034
68.6 2.34427
68.7 2.3041
68.8 2.27073
68.9 2.31429
69 2.2616
69.1 2.31413
69.2 2.29108
69.3 2.26903
69.4 2.22307
69.5 2.27274
69.6 2.27019
69.7 2.24138
69.8 2.31094
69.9 2.25545
70 2.2626
70.1 2.27273
70.2 2.233
70.3 2.2689
70.4 2.23679
70.5 2.28107
70.6 2.27103
70.7 2.28919
70.8 2.22908
70.9 2.27532
71 2.24114
71.1 2.23195
71.2 2.2649
71.3 2.23951
71.4 2.25082
71.5 2.19283
71.6 2.22788
71.7 2.20044
71.8 2.26747
71.9 2.22083
72 2.26204
72.1 2.20742
72.2 2.1981
72.3 2.16246
72.4 2.18769
72.5 2.20637
72.6 2.20319
72.7 2.1782
72.8 2.20182
72.9 2.19143
73 2.20943
73.1 2.19924
73.2 2.15136
73.3 2.14894
73.4 2.15571
73.5 2.16087
73.6 2.17425
73.7 2.126
73.8 2.12462
73.9 2.13522
74 2.11861
74.1 2.12505
74.2 2.15048
74.3 2.13266
74.4 2.12686
74.5 2.15272
74.6 2.13959
74.7 2.15013
74.8 2.12195
74.9 2.13033
75 2.13375
75.1 2.13255
75.2 2.09364
75.3 2.09695
75.4 2.10462
75.5 2.11004
75.6 2.0905
75.7 2.09882
75.8 2.08984
75.9 2.06434
76 2.05484
76.1 2.06582
76.2 2.09322
76.3 2.08312
76.4 2.08138
76.5 2.07
76.6 2.06265
76.7 2.08464
76.8 2.06095
76.9 2.03089
77 2.07069
77.1 2.02824
77.2 2.0324
77.3 2.07095
77.4 2.00054
77.5 2.04345
77.6 2.03476
77.7 2.01532
77.8 2.05107
77.9 2.0476
78 2.02995
78.1 2.01837
78.2 2.05213
78.3 2.04743
78.4 2.05215
78.5 2.03739
78.6 2.04741
78.7 2.04214
78.8 2.01672
78.9 2.05043
79 2.02328
79.1 2.02028
79.2 1.98531
79.3 2.00957
79.4 1.98729
79.5 1.98574
79.6 2.00107
79.7 1.96319
79.8 1.95986
79.9 1.98307
80 1.99255
80.1 2.00472
80.2 1.98693
80.3 1.98165
80.4 1.94765
80.5 1.95573
80.6 1.95787
80.7 1.94243
80.8 1.9532
80.9 1.92245
81 1.9633
81.1 1.90881
81.2 1.92377
81.3 1.95264
81.4 1.90706
81.5 1.91697
81.6 1.90246
81.7 1.93532
81.8 1.90538
81.9 1.91393
82 1.92578
82.1 1.88426
82.2 1.90015
82.3 1.85448
82.4 1.89429
82.5 1.89537
82.6 1.88411
82.7 1.87231
82.8 1.90038
82.9 1.90254
83 1.88715
83.1 1.86317
83.2 1.90233
83.3 1.86956
83.4 1.84963
83.5 1.89332
83.6 1.86816
83.7 1.85556
83.8 1.86099
83.9 1.86432
84 1.87034
84.1 1.83968
84.2 1.80333
84.3 1.84388
84.4 1.84694
84.5 1.87823
84.6 1.85599
84.7 1.85047
84.8 1.87699
84.9 1.84691
85 1.85761
85.1 1.85296
85.2 1.85634
85.3 1.85531
85.4 1.82232
85.5 1.83238
85.6 1.84665
85.7 1.84563
85.8 1.84532
85.9 1.86193
86 1.80527
86.1 1.86796
86.2 1.8329
86.3 1.8503
86.4 1.84836
86.5 1.84908
86.6 1.83991
86.7 1.84818
86.8 1.85172
86.9 1.84002
87 1.82815
87.1 1.84704
87.2 1.81113
87.3 1.79494
87.4 1.83501
87.5 1.81884
87.6 1.78745
87.7 1.82917
87.8 1.82162
87.9 1.82411
88 1.81994
88.1 1.80992
88.2 1.79224
88.3 1.83061
88.4 1.80283
88.5 1.81972
88.6 1.78624
88.7 1.80661
88.8 1.75818
88.9 1.80476
89 1.78308
89.1 1.78466
89.2 1.80964
89.3 1.77753
89.4 1.81632
89.5 1.78756
89.6 1.79274
89.7 1.82694
89.8 1.81001
89.9 1.78129
90 1.7808
90.1 1.76134
90.2 1.75203
90.3 1.79071
90.4 1.76705
90.5 1.79112
90.6 1.76217
90.7 1.7532
90.8 1.76831
90.9 1.76605
91 1.76529
91.1 1.74495
91.2 1.7539
91.3 1.77578
91.4 1.74409
91.5 1.75779
91.6 1.74541
91.7 1.77018
91.8 1.77684
91.9 1.73965
92 1.7849
92.1 1.719
92.2 1.7739
92.3 1.74501
92.4 1.79283
92.5 1.73987
92.6 1.76881
92.7 1.76718
92.8 1.73928
92.9 1.74392
93 1.7524
93.1 1.77009
93.2 1.74819
93.3 1.73524
93.4 1.73852
93.5 1.7374
93.6 1.72566
93.7 1.7351
93.8 1.71949
93.9 1.70416
94 1.75097
94.1 1.69336
94.2 1.74437
94.3 1.68757
94.4 1.74486
94.5 1.74838
94.6 1.69675
94.7 1.69967
94.8 1.69724
94.9 1.69821
95 1.69973
95.1 1.68079
95.2 1.6998
95.3 1.70124
95.4 1.70311
95.5 1.70151
95.6 1.69113
95.7 1.67218
95.8 1.73384
95.9 1.68465
96 1.74357
96.1 1.69826
96.2 1.73439
96.3 1.74944
96.4 1.72795
96.5 1.74162
96.6 1.71901
96.7 1.71475
96.8 1.72074
96.9 1.72528
97 1.66631
97.1 1.74196
97.2 1.69616
97.3 1.68946
97.4 1.69488
97.5 1.69073
97.6 1.71019
97.7 1.70607
97.8 1.67654
97.9 1.69749
98 1.67725
98.1 1.71634
98.2 1.6865
98.3 1.65534
98.4 1.65093
98.5 1.67938
98.6 1.69971
98.7 1.6427
98.8 1.72732
98.9 1.64343
99 1.68843
99.1 1.66804
99.2 1.66128
99.3 1.65479
99.4 1.67219
99.5 1.70111
99.6 1.68299
99.7 1.66434
99.8 1.67969
99.9 1.6387
100 1.69142
