0 0
0.1 0.00203638
0.2 0.00332873
0.3 0.00370806
0.4 0.00389382
0.5 0.00414159
0.6 0.00403589
0.7 0.00397094
0.8 0.00404676
0.9 0.00412446
1 0.00407325
1.1 0.00434937
1.2 0.00427069
1.3 0.00429476
1.4 0.00424282
1.5 0.00403416
1.6 0.00417008
1.7 0.00423025
1.8 0.00434139
1.9 0.00436998
2 0.00456978
2.1 0.00483275
2.2 0.00475496
2.3 0.00469647
2.4 0.00478266
2.5 0.00457284
2.6 0.00460398
2.7 0.00445118
2.8 0.00455647
2.9 0.00471308
3 0.00497954
3.1 0.00494009
3.2 0.00533537
3.3 0.00517204
3.4 0.00533209
3.5 0.00492999
3.6 0.00505461
3.7 0.00497469
3.8 0.00525463
3.9 0.00518025
4 0.00536209
4.1 0.00515567
4.2 0.00524785
4.3 0.00551891
4.4 0.00568031
4.5 0.00538196
4.6 0.00542559
4.7 0.00537099
4.8 0.00534046
4.9 0.00539038
5 0.00548563
5.1 0.00529021
5.2 0.00510998
5.3 0.00582595
5.4 0.00564043
5.5 0.00555896
5.6 0.00599245
5.7 0.00594931
5.8 0.0058943
5.9 0.00583329
6 0.00584071
6.1 0.00569334
6.2 0.00592159
6.3 0.0063186
6.4 0.0060685
6.5 0.0061157
6.6 0.00622984
6.7 0.00608851
6.8 0.0062251
6.9 0.00587941
7 0.00643622
7.1 0.00651718
7.2 0.0064293
7.3 0.00662162
7.4 0.00681204
7.5 0.00631585
7.6 0.00648229
7.7 0.00639874
7.8 0.00660759
7.9 0.00645589
8 0.00632086
8.1 0.00636005
8.2 0.00646548
8.3 0.00619088
8.4 0.00607243
8.5 0.00642354
8.6 0.00656993
8.7 0.00669454
8.8 0.00691751
8.9 0.00721329
9 0.00664029
9.1 0.00702504
9.2 0.00663832
9.3 0.00720771
9.4 0.00690418
9.5 0.00695403
9.6 0.00716083
9.7 0.00695153
9.8 0.00708486
9.9 0.00710728
10 0.00686885
10.1 0.00678134
10.2 0.00699679
10.3 0.00684664
10.4 0.00698479
10.5 0.00712028
10.6 0.00686255
10.7 0.00704316
10.8 0.00706068
10.9 0.00682817
11 0.00690977
11.1 0.00664465
11.2 0.0071083
11.3 0.00736594
11.4 0.0069039
11.5 0.00728923
11.6 0.00699722
11.7 0.00747314
11.8 0.00728236
11.9 0.00707458
12 0.00734714
12.1 0.00756218
12.2 0.00721008
12.3 0.00785282
12.4 0.00732584
12.5 0.00717887
12.6 0.00733514
12.7 0.0069482
12.8 0.00706448
12.9 0.00697861
13 0.00724742
13.1 0.00728903
13.2 0.00766323
13.3 0.00752362
13.4 0.00757174
13.5 0.00806175
13.6 0.00777685
13.7 0.00802071
13.8 0.00843906
13.9 0.00871643
14 0.00804855
14.1 0.00833673
14.2 0.00850784
14.3 0.00827961
14.4 0.00815245
14.5 0.00821613
14.6 0.00832398
14.7 0.007931
14.8 0.00775206
14.9 0.00802993
15 0.00821715
15.1 0.00803937
15.2 0.00807053
15.3 0.00807905
15.4 0.00825014
15.5 0.00839753
15.6 0.00829048
15.7 0.00815284
15.8 0.00813461
15.9 0.00801574
16 0.00798098
16.1 0.00799094
16.2 0.0081771
16.3 0.00820927
16.4 0.00834257
16.5 0.00823562
16.6 0.00868923
16.7 0.00809581
16.8 0.00831086
16.9 0.00844343
17 0.0084105
17.1 0.00852133
17.2 0.0089412
17.3 0.00846449
17.4 0.00884959
17.5 0.00906064
17.6 0.00865679
17.7 0.00838063
17.8 0.00872306
17.9 0.00883927
18 0.00917074
18.1 0.00840829
18.2 0.00827205
18.3 0.0081687
18.4 0.00833778
18.5 0.00889738
18.6 0.00847833
18.7 0.00851675
18.8 0.00815863
18.9 0.00834912
19 0.00842494
19.1 0.00866142
19.2 0.00880841
19.3 0.0087912
19.4 0.0087111
19.5 0.00877345
19.6 0.00910202
19.7 0.00943391
19.8 0.00900342
19.9 0.00927982
20 0.00931867
20.1 0.00888849
20.2 0.00914041
20.3 0.00882438
20.4 0.00911011
20.5 0.00918548
20.6 0.00899622
20.7 0.00922467
20.8 0.00988126
20.9 0.00970999
21 0.00934565
21.1 0.00908063
21.2 0.00951668
21.3 0.0091833
21.4 0.00942268
21.5 0.00962335
21.6 0.00954623
21.7 0.00924318
21.8 0.00941898
21.9 0.00929564
22 0.00921908
22.1 0.00894361
22.2 0.00904745
22.3 0.00944316
22.4 0.00910636
22.5 0.00918885
22.6 0.00959825
22.7 0.00953621
22.8 0.00958086
22.9 0.00986234
23 0.00987376
23.1 0.0101089
23.2 0.00981053
23.3 0.00960672
23.4 0.00953774
23.5 0.00958488
23.6 0.00958651
23.7 0.00981535
23.8 0.00959404
23.9 0.00944513
24 0.00977687
24.1 0.00951184
24.2 0.00920858
24.3 0.00923149
24.4 0.0099151
24.5 0.00949062
24.6 0.00978153
24.7 0.00992684
24.8 0.0098048
24.9 0.00984068
25 0.00993641
25.1 0.00980939
25.2 0.0102312
25.3 0.0101655
25.4 0.0101794
25.5 0.0100596
25.6 0.00997609
25.7 0.00973116
25.8 0.0096897
25.9 0.00989801
26 0.010184
26.1 0.00983536
26.2 0.00957436
26.3 0.00996105
26.4 0.0103247
26.5 0.0101728
26.6 0.0101779
26.7 0.010262
26.8 0.010219
26.9 0.00968059
27 0.00975895
27.1 0.0101742
27.2 0.01081
27.3 0.0107181
27.4 0.0104146
27.5 0.0098853
27.6 0.0102811
27.7 0.0103634
27.8 0.0104346
27.9 0.0107583
28 0.0104638
28.1 0.0102071
28.2 0.00975418
28.3 0.0100963
28.4 0.0101208
28.5 0.0100525
28.6 0.00981924
28.7 0.0106487
28.8 0.010953
28.9 0.0104884
29 0.0111152
29.1 0.0114504
29.2 0.0114317
29.3 0.0107044
29.4 0.0105846
29.5 0.0109351
29.6 0.0109438
29.7 0.0110096
29.8 0.0106159
29.9 0.0106084
30 0.0107122
30.1 0.0107893
30.2 0.0107787
30.3 0.0105735
30.4 0.0104998
30.5 0.0102372
30.6 0.0105747
30.7 0.0106224
30.8 0.0104139
30.9 0.0101854
31 0.01023
31.1 0.010661
31.2 0.0104252
31.3 0.0106866
31.4 0.0105964
31.5 0.0100718
31.6 0.00998151
31.7 0.0100953
31.8 0.0105896
31.9 0.0106442
32 0.0107732
32.1 0.0109161
32.2 0.0110429
32.3 0.0106497
32.4 0.0111508
32.5 0.011001
32.6 0.0109242
32.7 0.0115546
32.8 0.011627
32.9 0.0114498
33 0.0108246
33.1 0.0109078
33.2 0.0112571
33.3 0.0112156
33.4 0.0113094
33.5 0.0112757
33.6 0.0113312
33.7 0.0109815
33.8 0.0111209
33.9 0.0108739
34 0.0106409
34.1 0.0113857
34.2 0.010953
34.3 0.011042
34.4 0.0111008
34.5 0.0107333
34.6 0.0110402
34.7 0.0114299
34.8 0.0116493
34.9 0.0117254
35 0.0115973
35.1 0.0112083
35.2 0.0111265
35.3 0.0116996
35.4 0.011931
35.5 0.011994
35.6 0.012178
35.7 0.0122568
35.8 0.01195
35.9 0.0121926
36 0.0117251
36.1 0.0117871
36.2 0.0117737
36.3 0.011755
36.4 0.0118826
36.5 0.0119248
36.6 0.0118833
36.7 0.0121192
36.8 0.0122825
36.9 0.0124064
37 0.0125805
37.1 0.0128322
37.2 0.0125373
37.3 0.0126453
37.4 0.0122825
37.5 0.0124596
37.6 0.0123038
37.7 0.0118416
37.8 0.0115245
37.9 0.0114993
38 0.011583
38.1 0.0117946
38.2 0.0118722
38.3 0.0120751
38.4 0.0123821
38.5 0.0122941
38.6 0.0116729
38.7 0.0122858
38.8 0.0123315
38.9 0.012781
39 0.0122422
39.1 0.0120375
39.2 0.0125657
39.3 0.0124111
39.4 0.0122202
39.5 0.0126608
39.6 0.0123089
39.7 0.0122959
39.8 0.0122365
39.9 0.0128834
40 0.01303
40.1 0.0126606
40.2 0.0122168
40.3 0.0121794
40.4 0.0119505
40.5 0.0124349
40.6 0.0131977
40.7 0.0131221
40.8 0.0126589
40.9 0.0126334
41 0.0128526
41.1 0.013016
41.2 0.0135197
41.3 0.0125505
41.4 0.0120126
41.5 0.0132342
41.6 0.0128132
41.7 0.0131216
41.8 0.0131077
41.9 0.0136435
42 0.0134444
42.1 0.0132567
42.2 0.0129716
42.3 0.0132491
42.4 0.0129891
42.5 0.0133706
42.6 0.0130832
42.7 0.0134486
42.8 0.012785
42.9 0.0130104
43 0.0131863
43.1 0.0132557
43.2 0.0137842
43.3 0.0137979
43.4 0.0136107
43.5 0.0136224
43.6 0.0137687
43.7 0.0137296
43.8 0.0134055
43.9 0.0132398
44 0.0138353
44.1 0.0136025
44.2 0.0134313
44.3 0.0139426
44.4 0.0135327
44.5 0.0135614
44.6 0.0138033
44.7 0.0138206
44.8 0.0140365
44.9 0.0136027
45 0.013525
45.1 0.0136294
45.2 0.013973
45.3 0.0140898
45.4 0.0142983
45.5 0.0135362
45.6 0.0134913
45.7 0.0140089
45.8 0.014207
45.9 0.0141587
46 0.0145635
46.1 0.0143731
46.2 0.0143058
46.3 0.0141876
46.4 0.0140306
46.5 0.0147175
46.6 0.0143873
46.7 0.0142529
46.8 0.0144953
46.9 0.0143784
47 0.0156217
47.1 0.0143998
47.2 0.0141132
47.3 0.0147464
47.4 0.0148578
47.5 0.0149482
47.6 0.0143706
47.7 0.0150162
47.8 0.0144788
47.9 0.0142844
48 0.0145113
48.1 0.014966
48.2 0.0146292
48.3 0.0142985
48.4 0.0143655
48.5 0.0155449
48.6 0.0151631
48.7 0.0152916
48.8 0.0156845
48.9 0.0157482
49 0.014754
49.1 0.0140067
49.2 0.0143685
49.3 0.0147671
49.4 0.014914
49.5 0.0148028
49.6 0.0146734
49.7 0.0152711
49.8 0.0150551
49.9 0.0155696
50 0.0158522
50.1 0.0154954
50.2 0.0157111
50.3 0.0149813
50.4 0.0148659
50.5 0.0150883
50.6 0.0145838
50.7 0.0149938
50.8 0.0147437
50.9 0.0150029
51 0.0152155
51.1 0.016051
51.2 0.0154728
51.3 0.0152392
51.4 0.015349
51.5 0.0146977
51.6 0.0145192
51.7 0.0151269
51.8 0.0149869
51.9 0.0149854
52 0.0160243
52.1 0.016037
52.2 0.0155174
52.3 0.0159932
52.4 0.0155449
52.5 0.0160133
52.6 0.0159214
52.7 0.0154295
52.8 0.015965
52.9 0.0156881
53 0.0155289
53.1 0.0162061
53.2 0.0163197
53.3 0.0164972
53.4 0.0157773
53.5 0.0156036
53.6 0.0155223
53.7 0.015117
53.8 0.0151912
53.9 0.0157887
54 0.0161937
54.1 0.0154552
54.2 0.0154616
54.3 0.0161965
54.4 0.0151672
54.5 0.0158622
54.6 0.0157721
54.7 0.0155314
54.8 0.0154503
54.9 0.0158382
55 0.0164412
55.1 0.0161764
55.2 0.016321
55.3 0.0163657
55.4 0.0161043
55.5 0.0158239
55.6 0.0157018
55.7 0.0160566
55.8 0.0156991
55.9 0.0158612
56 0.0158089
56.1 0.0163391
56.2 0.0163797
56.3 0.0162902
56.4 0.016311
56.5 0.0158313
56.6 0.0158436
56.7 0.0161332
56.8 0.0164338
56.9 0.0161181
57 0.0158992
57.1 0.0163021
57.2 0.0157947
57.3 0.0160952
57.4 0.0162386
57.5 0.0159639
57.6 0.0162468
57.7 0.016525
57.8 0.0160501
57.9 0.0159887
58 0.0157844
58.1 0.0152848
58.2 0.0158137
58.3 0.0157861
58.4 0.0162205
58.5 0.0165275
58.6 0.0164554
58.7 0.0165909
58.8 0.0157322
58.9 0.0164197
59 0.0159518
59.1 0.0162224
59.2 0.0164268
59.3 0.0160809
59.4 0.0163317
59.5 0.0159304
59.6 0.0167485
59.7 0.0166875
59.8 0.0165156
59.9 0.016726
60 0.0166778
60.1 0.0173945
60.2 0.016288
60.3 0.0160599
60.4 0.0164952
60.5 0.0163721
60.6 0.0172117
60.7 0.0166153
60.8 0.0171214
60.9 0.01638
61 0.0165871
61.1 0.01671
61.2 0.0165406
61.3 0.0167697
61.4 0.0170827
61.5 0.0173893
61.6 0.0173777
61.7 0.0170993
61.8 0.0175366
61.9 0.0169324
62 0.0169649
62.1 0.0177197
62.2 0.0174692
62.3 0.0178204
62.4 0.0175292
62.5 0.0168167
62.6 0.0172575
62.7 0.0176843
62.8 0.0175281
62.9 0.0169728
63 0.0172926
63.1 0.0168303
63.2 0.0166749
63.3 0.0162686
63.4 0.0165583
63.5 0.0163439
63.6 0.0170975
63.7 0.0178417
63.8 0.0170748
63.9 0.017582
64 0.0177198
64.1 0.0173346
64.2 0.0180753
64.3 0.0174745
64.4 0.0175409
64.5 0.0176161
64.6 0.0167408
64.7 0.0181943
64.8 0.0178972
64.9 0.0180096
65 0.018075
65.1 0.0184923
65.2 0.0177454
65.3 0.0174323
65.4 0.0180779
65.5 0.0175411
65.6 0.017903
65.7 0.017571
65.8 0.0175715
65.9 0.0174273
66 0.017998
66.1 0.0185589
66.2 0.018781
66.3 0.0178657
66.4 0.0179987
66.5 0.0181229
66.6 0.0187455
66.7 0.0186614
66.8 0.0189384
66.9 0.0189034
67 0.0185892
67.1 0.019017
67.2 0.0181469
67.3 0.0184762
67.4 0.0182685
67.5 0.0186409
67.6 0.0189185
67.7 0.0187735
67.8 0.0191371
67.9 0.0190434
68 0.0193564
68.1 0.0185685
68.2 0.0185024
68.3 0.0187766
68.4 0.018286
68.5 0.0187999
68.6 0.0184563
68.7 0.0184852
68.8 0.0186303
68.9 0.018346
69 0.0181599
69.1 0.0180474
69.2 0.0188061
69.3 0.0181997
69.4 0.018355
69.5 0.0189269
69.6 0.0192044
69.7 0.0189959
69.8 0.0190121
69.9 0.0189537
70 0.0189323
70.1 0.0200803
70.2 0.0195209
70.3 0.0192814
70.4 0.0199763
70.5 0.0199834
70.6 0.0194046
70.7 0.0192001
70.8 0.0190712
70.9 0.0195628
71 0.0195748
71.1 0.0200762
71.2 0.0196311
71.3 0.0200831
71.4 0.0200263
71.5 0.0193052
71.6 0.0186329
71.7 0.018794
71.8 0.0192096
71.9 0.0192657
72 0.0193934
72.1 0.019899
72.2 0.0201495
72.3 0.0198857
72.4 0.0197996
72.5 0.0196942
72.6 0.0197505
72.7 0.0197263
72.8 0.0199456
72.9 0.0207111
73 0.0204615
73.1 0.0199041
73.2 0.0203645
73.3 0.0201783
73.4 0.0197248
73.5 0.0197641
73.6 0.0196854
73.7 0.0198787
73.8 0.0197613
73.9 0.0208551
74 0.0207466
74.1 0.0202862
74.2 0.0197442
74.3 0.0201396
74.4 0.0196294
74.5 0.0194787
74.6 0.0199214
74.7 0.0197411
74.8 0.0199645
74.9 0.0205103
75 0.0196663
75.1 0.0196914
75.2 0.0197873
75.3 0.0200207
75.4 0.0198908
75.5 0.0207573
75.6 0.0210739
75.7 0.0205388
75.8 0.020433
75.9 0.0207885
76 0.0206293
76.1 0.0217037
76.2 0.02122
76.3 0.0201553
76.4 0.0213861
76.5 0.0212322
76.6 0.0211202
76.7 0.021317
76.8 0.0208077
76.9 0.0204638
77 0.021142
77.1 0.0211104
77.2 0.0212814
77.3 0.0208667
77.4 0.0210732
77.5 0.0204788
77.6 0.0212474
77.7 0.021496
77.8 0.0213588
77.9 0.021359
78 0.0210726
78.1 0.0203738
78.2 0.0207245
78.3 0.0210709
78.4 0.0207017
78.5 0.0208911
78.6 0.0210932
78.7 0.0212125
78.8 0.0213754
78.9 0.0210803
79 0.0207312
79.1 0.0215393
79.2 0.0214545
79.3 0.0213296
79.4 0.0214204
79.5 0.0211605
79.6 0.0215058
79.7 0.0215029
79.8 0.0216918
79.9 0.0214042
80 0.0219265
80.1 0.0214289
80.2 0.0205901
80.3 0.0204539
80.4 0.0210961
80.5 0.0213375
80.6 0.0215479
80.7 0.0215167
80.8 0.0217195
80.9 0.0217287
81 0.0218074
81.1 0.0218869
81.2 0.0220376
81.3 0.0220492
81.4 0.0218579
81.5 0.021632
81.6 0.021911
81.7 0.0215198
81.8 0.0214808
81.9 0.0220329
82 0.0215593
82.1 0.0214021
82.2 0.021229
82.3 0.0209329
82.4 0.0217028
82.5 0.021141
82.6 0.0219608
82.7 0.0218898
82.8 0.022295
82.9 0.0217579
83 0.021698
83.1 0.0212777
83.2 0.0218107
83.3 0.0223226
83.4 0.0224783
83.5 0.0217144
83.6 0.0218391
83.7 0.0221452
83.8 0.022259
83.9 0.0222983
84 0.0227236
84.1 0.021876
84.2 0.022186
84.3 0.0223382
84.4 0.0221789
84.5 0.0221574
84.6 0.0219796
84.7 0.0220541
84.8 0.0223426
84.9 0.0216718
85 0.021264
85.1 0.0222347
85.2 0.021876
85.3 0.0218983
85.4 0.021814
85.5 0.0213246
85.6 0.0216891
85.7 0.0215611
85.8 0.021236
85.9 0.0217219
86 0.0221955
86.1 0.0220313
86.2 0.0225969
86.3 0.021879
86.4 0.0218558
86.5 0.0217938
86.6 0.0218979
86.7 0.0215383
86.8 0.0218907
86.9 0.0218476
87 0.022129
87.1 0.022781
87.2 0.0222604
87.3 0.0222203
87.4 0.0233741
87.5 0.0223986
87.6 0.0222931
87.7 0.0220216
87.8 0.022887
87.9 0.0227729
88 0.0231602
88.1 0.0234395
88.2 0.0231765
88.3 0.0221435
88.4 0.0229003
88.5 0.0224663
88.6 0.0228134
88.7 0.0226848
88.8 0.0228219
88.9 0.0222532
89 0.0234673
89.1 0.0234722
89.2 0.0229521
89.3 0.0233745
89.4 0.0238505
89.5 0.0238827
89.6 0.023669
89.7 0.0236155
89.8 0.0233334
89.9 0.0233268
90 0.0233396
90.1 0.0238917
90.2 0.0233925
90.3 0.0239015
90.4 0.0229634
90.5 0.0229261
90.6 0.023525
90.7 0.0232897
90.8 0.0238027
90.9 0.0226633
91 0.0233199
91.1 0.023196
91.2 0.0237239
91.3 0.0238067
91.4 0.0237208
91.5 0.0237737
91.6 0.0237118
91.7 0.0230103
91.8 0.0233628
91.9 0.0238542
92 0.0247823
92.1 0.0241094
92.2 0.023656
92.3 0.0233174
92.4 0.0240814
92.5 0.02481
92.6 0.0243789
92.7 0.0238451
92.8 0.0239908
92.9 0.0239781
93 0.0240407
93.1 0.0236209
93.2 0.0233548
93.3 0.0237175
93.4 0.0245798
93.5 0.0239916
93.6 0.0243668
93.7 0.0243692
93.8 0.0237554
93.9 0.0239458
94 0.0236962
94.1 0.0235169
94.2 0.0241648
94.3 0.0244848
94.4 0.024635
94.5 0.0239776
94.6 0.0246765
94.7 0.0241734
94.8 0.0240541
94.9 0.0241722
95 0.0242797
95.1 0.0241125
95.2 0.0244474
95.3 0.0243653
95.4 0.0243509
95.5 0.0247114
95.6 0.0247796
95.7 0.0247879
95.8 0.024559
95.9 0.0251029
96 0.0248842
96.1 0.0249944
96.2 0.02584
96.3 0.0250541
96.4 0.0242294
96.5 0.0243393
96.6 0.0253414
96.7 0.0253392
96.8 0.0249583
96.9 0.025049
97 0.0255375
97.1 0.0257549
97.2 0.02489
97.3 0.0243312
97.4 0.0248633
97.5 0.0249696
97.6 0.0248952
97.7 0.0245277
97.8 0.0246687
97.9 0.0250894
98 0.0252922
98.1 0.025902
98.2 0.0255691
98.3 0.0258774
98.4 0.0250404
98.5 0.0252537
98.6 0.0247043
98.7 0.0256078
98.8 0.0255957
98.9 0.0261151
99 0.0255956
99.1 0.0256329
99.2 0.025231
99.3 0.0253203
99.4 0.0254898
99.5 0.0251884
99.6 0.0250983
99.7 0.0253553
99.8 0.0260894
99.9 0.0270902
100 0.0263459
