0 0
0.1 0.00205744
0.2 0.00336811
0.3 0.00441207
0.4 0.00521716
0.5 0.00577301
0.6 0.00632837
0.7 0.00661089
0.8 0.00672021
0.9 0.00722235
1 0.00708701
1.1 0.00764246
1.2 0.00754905
1.3 0.00791376
1.4 0.00837843
1.5 0.00812429
1.6 0.008166
1.7 0.00855001
1.8 0.00852088
1.9 0.00859324
2 0.00846096
2.1 0.00904066
2.2 0.00920208
2.3 0.00926208
2.4 0.0092692
2.5 0.00960431
2.6 0.00983933
2.7 0.0100399
2.8 0.0104239
2.9 0.0104753
3 0.0103859
3.1 0.0109702
3.2 0.011428
3.3 0.0115175
3.4 0.011084
3.5 0.0109607
3.6 0.0107875
3.7 0.0112037
3.8 0.0109734
3.9 0.0114442
4 0.0119095
4.1 0.0117104
4.2 0.0110402
4.3 0.0113546
4.4 0.0111788
4.5 0.0113244
4.6 0.0115211
4.7 0.0117484
4.8 0.0116428
4.9 0.0124565
5 0.0123882
5.1 0.0129986
5.2 0.0133728
5.3 0.0134489
5.4 0.0127696
5.5 0.0129123
5.6 0.0130019
5.7 0.013155
5.8 0.0129291
5.9 0.0131326
6 0.0130257
6.1 0.013023
6.2 0.0130809
6.3 0.0131747
6.4 0.0132066
6.5 0.0133477
6.6 0.0135602
6.7 0.0137423
6.8 0.0137836
6.9 0.0134757
7 0.0131734
7.1 0.0135397
7.2 0.0141462
7.3 0.0143908
7.4 0.0139169
7.5 0.0141853
7.6 0.0145715
7.7 0.0145826
7.8 0.0144821
7.9 0.0143553
8 0.0143564
8.1 0.0144198
8.2 0.0144604
8.3 0.0149872
8.4 0.0156671
8.5 0.0154914
8.6 0.0150631
8.7 0.0151467
8.8 0.0154997
8.9 0.0152669
9 0.0155791
9.1 0.0157675
9.2 0.0158158
9.3 0.0160285
9.4 0.0159561
9.5 0.0157159
9.6 0.0161308
9.7 0.0167528
9.8 0.0173109
9.9 0.01772
10 0.0170732
10.1 0.0173054
10.2 0.0174867
10.3 0.0178715
10.4 0.0182589
10.5 0.0182762
10.6 0.0181415
10.7 0.0179204
10.8 0.0173447
10.9 0.0175846
11 0.0177725
11.1 0.0183783
11.2 0.0179732
11.3 0.0178674
11.4 0.018467
11.5 0.0184785
11.6 0.018795
11.7 0.0193289
11.8 0.0190793
11.9 0.0189599
12 0.0187538
12.1 0.0188905
12.2 0.0192543
12.3 0.0206981
12.4 0.0205343
12.5 0.0203921
12.6 0.0195847
12.7 0.0202822
12.8 0.0205564
12.9 0.0202239
13 0.0196065
13.1 0.0197232
13.2 0.0192871
13.3 0.0191603
13.4 0.0190642
13.5 0.0197028
13.6 0.0203046
13.7 0.0198187
13.8 0.0197949
13.9 0.0201172
14 0.0201962
14.1 0.0204044
14.2 0.0205174
14.3 0.0208021
14.4 0.0214232
14.5 0.0205971
14.6 0.0210655
14.7 0.0210297
14.8 0.0208744
14.9 0.0205361
15 0.0213768
15.1 0.0219781
15.2 0.0215364
15.3 0.0214711
15.4 0.0218534
15.5 0.0217496
15.6 0.0215271
15.7 0.0210649
15.8 0.0217712
15.9 0.0212898
16 0.0217147
16.1 0.0216869
16.2 0.0224082
16.3 0.0220817
16.4 0.0226477
16.5 0.022552
16.6 0.0220031
16.7 0.0230276
16.8 0.0232039
16.9 0.0224896
17 0.0226185
17.1 0.0216848
17.2 0.0221645
17.3 0.0218254
17.4 0.0220796
17.5 0.0224256
17.6 0.022296
17.7 0.0229011
17.8 0.0232758
17.9 0.0234436
18 0.0230377
18.1 0.0233085
18.2 0.0230362
18.3 0.0237017
18.4 0.023249
18.5 0.023737
18.6 0.0247905
18.7 0.0254433
18.8 0.0246008
18.9 0.0245464
19 0.0237579
19.1 0.0240774
19.2 0.0234336
19.3 0.0241452
19.4 0.0241585
19.5 0.0241467
19.6 0.0244794
19.7 0.0247454
19.8 0.0244869
19.9 0.024775
20 0.0241638
20.1 0.024282
20.2 0.0243902
20.3 0.0246923
20.4 0.0247408
20.5 0.0244752
20.6 0.0252164
20.7 0.0253886
20.8 0.0255072
20.9 0.0258671
21 0.0259372
21.1 0.0237127
21.2 0.0246437
21.3 0.025198
21.4 0.0250948
21.5 0.0247946
21.6 0.0246441
21.7 0.0249542
21.8 0.0240733
21.9 0.0240213
22 0.0250762
22.1 0.0249975
22.2 0.0258357
22.3 0.0258768
22.4 0.0258301
22.5 0.0257421
22.6 0.0270365
22.7 0.0268486
22.8 0.0266334
22.9 0.0265124
23 0.0264791
23.1 0.0257647
23.2 0.0261003
23.3 0.0259748
23.4 0.0263912
23.5 0.0266311
23.6 0.0264406
23.7 0.0259548
23.8 0.0264057
23.9 0.0261784
24 0.0269892
24.1 0.0263894
24.2 0.0266632
24.3 0.0263574
24.4 0.0260813
24.5 0.0259822
24.6 0.0261672
24.7 0.0257908
24.8 0.0260453
24.9 0.026016
25 0.0262119
25.1 0.0266022
25.2 0.0275412
25.3 0.0275867
25.4 0.0270217
25.5 0.0273618
25.6 0.0263769
25.7 0.0269654
25.8 0.0266334
25.9 0.0269589
26 0.0267632
26.1 0.0272946
26.2 0.0270421
26.3 0.0267804
26.4 0.0269477
26.5 0.0270094
26.6 0.0277023
26.7 0.0282586
26.8 0.028212
26.9 0.028356
27 0.0281097
27.1 0.0283522
27.2 0.0292946
27.3 0.0290622
27.4 0.0299497
27.5 0.0297714
27.6 0.0304074
27.7 0.030556
27.8 0.0298433
27.9 0.0289163
28 0.0288316
28.1 0.0288965
28.2 0.0303448
28.3 0.0293697
28.4 0.0289732
28.5 0.0296455
28.6 0.0299695
28.7 0.0299268
28.8 0.0291873
28.9 0.028948
29 0.0286176
29.1 0.0301214
29.2 0.0299112
29.3 0.0296612
29.4 0.0295442
29.5 0.0295523
29.6 0.0296404
29.7 0.0298419
29.8 0.0302495
29.9 0.0308707
30 0.0311671
30.1 0.0306969
30.2 0.0303538
30.3 0.030473
30.4 0.0306247
30.5 0.0310659
30.6 0.0305326
30.7 0.0308457
30.8 0.0314965
30.9 0.0306915
31 0.0316063
31.1 0.0333611
31.2 0.0324459
31.3 0.0331022
31.4 0.0334669
31.5 0.0337784
31.6 0.0331789
31.7 0.0331567
31.8 0.0334812
31.9 0.0332365
32 0.0328215
32.1 0.0335598
32.2 0.0336507
32.3 0.0338171
32.4 0.0331926
32.5 0.0332854
32.6 0.0328367
32.7 0.0328019
32.8 0.0328438
32.9 0.0334719
33 0.0328885
33.1 0.0332129
33.2 0.0334504
33.3 0.0338955
33.4 0.0331489
33.5 0.0329315
33.6 0.0337843
33.7 0.0345728
33.8 0.034327
33.9 0.0344251
34 0.0336156
34.1 0.0344384
34.2 0.0334039
34.3 0.0339685
34.4 0.0342451
34.5 0.034735
34.6 0.0353365
34.7 0.0348609
34.8 0.0342787
34.9 0.0344121
35 0.0348792
35.1 0.0349557
35.2 0.0339176
35.3 0.0334714
35.4 0.0342274
35.5 0.0339342
35.6 0.0334811
35.7 0.0345175
35.8 0.0347989
35.9 0.0347024
36 0.0346644
36.1 0.0339484
36.2 0.0339952
36.3 0.033549
36.4 0.0339213
36.5 0.0338977
36.6 0.0341036
36.7 0.0344459
36.8 0.0344268
36.9 0.0355198
37 0.0350688
37.1 0.0351252
37.2 0.0350907
37.3 0.0358105
37.4 0.0360099
37.5 0.0362715
37.6 0.0366754
37.7 0.0359851
37.8 0.0360582
37.9 0.0353974
38 0.0359428
38.1 0.0361955
38.2 0.0376659
38.3 0.0374965
38.4 0.0375388
38.5 0.03734
38.6 0.0372931
38.7 0.0371787
38.8 0.0369408
38.9 0.0371945
39 0.0366379
39.1 0.0371349
39.2 0.0368408
39.3 0.0368867
39.4 0.0374447
39.5 0.0376146
39.6 0.0376585
39.7 0.0382183
39.8 0.0384206
39.9 0.0383278
40 0.0372212
40.1 0.0372513
40.2 0.0378559
40.3 0.0378037
40.4 0.0373547
40.5 0.0374095
40.6 0.037668
40.7 0.0377411
40.8 0.0380831
40.9 0.0387496
41 0.0378178
41.1 0.0382443
41.2 0.038012
41.3 0.0383292
41.4 0.038506
41.5 0.0374168
41.6 0.0369542
41.7 0.0388408
41.8 0.0374578
41.9 0.038241
42 0.0379957
42.1 0.0376028
42.2 0.0378029
42.3 0.0373686
42.4 0.0373322
42.5 0.0370285
42.6 0.0375516
42.7 0.0382032
42.8 0.0380482
42.9 0.0390395
43 0.0387622
43.1 0.0396901
43.2 0.0386983
43.3 0.0383062
43.4 0.0387278
43.5 0.0390771
43.6 0.0379601
43.7 0.037968
43.8 0.0392391
43.9 0.0395117
44 0.0390407
44.1 0.0399374
44.2 0.0403839
44.3 0.0399125
44.4 0.0398055
44.5 0.0398738
44.6 0.0403474
44.7 0.0391494
44.8 0.0386543
44.9 0.0392479
45 0.0407923
45.1 0.0407128
45.2 0.0413769
45.3 0.0417177
45.4 0.0433524
45.5 0.0425938
45.6 0.0427466
45.7 0.0420168
45.8 0.041171
45.9 0.0412823
46 0.041771
46.1 0.0412546
46.2 0.0416135
46.3 0.0420075
46.4 0.0414177
46.5 0.0416374
46.6 0.0426014
46.7 0.0417581
46.8 0.0423125
46.9 0.0406231
47 0.0416946
47.1 0.0420321
47.2 0.041877
47.3 0.0421499
47.4 0.0419822
47.5 0.042164
47.6 0.0429932
47.7 0.0437734
47.8 0.043426
47.9 0.0437917
48 0.0433585
48.1 0.0437391
48.2 0.0424278
48.3 0.0415679
48.4 0.0413026
48.5 0.0421729
48.6 0.0432357
48.7 0.0428992
48.8 0.042564
48.9 0.0428264
49 0.0431192
49.1 0.043593
49.2 0.0449807
49.3 0.0456567
49.4 0.0462152
49.5 0.0458995
49.6 0.0451595
49.7 0.0457932
49.8 0.0442118
49.9 0.044148
50 0.0446098
50.1 0.0447867
50.2 0.0453416
50.3 0.0452633
50.4 0.0454352
50.5 0.0452383
50.6 0.0449218
50.7 0.0454437
50.8 0.045348
50.9 0.0452741
51 0.0460309
51.1 0.0450621
51.2 0.0469522
51.3 0.0464176
51.4 0.0469539
51.5 0.0462819
51.6 0.0468853
51.7 0.046424
51.8 0.045918
51.9 0.0460215
52 0.0455664
52.1 0.0461124
52.2 0.046148
52.3 0.0462369
52.4 0.0465573
52.5 0.0471331
52.6 0.0460812
52.7 0.046653
52.8 0.0466871
52.9 0.0480256
53 0.0472251
53.1 0.047831
53.2 0.0466964
53.3 0.046494
53.4 0.0475438
53.5 0.0463036
53.6 0.0455297
53.7 0.0458605
53.8 0.0459462
53.9 0.04676
54 0.0465967
54.1 0.0469377
54.2 0.0476574
54.3 0.0471496
54.4 0.0472655
54.5 0.0467604
54.6 0.047558
54.7 0.04848
54.8 0.0483076
54.9 0.0476927
55 0.0475434
55.1 0.0466604
55.2 0.0475406
55.3 0.048445
55.4 0.0477879
55.5 0.0471746
55.6 0.0477938
55.7 0.0474271
55.8 0.0478363
55.9 0.0473513
56 0.0479554
56.1 0.0482927
56.2 0.0478587
56.3 0.0485749
56.4 0.0483829
56.5 0.0485753
56.6 0.0481772
56.7 0.0486123
56.8 0.0495804
56.9 0.0486115
57 0.0481061
57.1 0.0489226
57.2 0.0507135
57.3 0.0496372
57.4 0.049349
57.5 0.0487628
57.6 0.0490452
57.7 0.0504062
57.8 0.0490363
57.9 0.0491966
58 0.0488573
58.1 0.0495777
58.2 0.0498767
58.3 0.0501209
58.4 0.0498852
58.5 0.0494125
58.6 0.0504604
58.7 0.0505877
58.8 0.050882
58.9 0.0511883
59 0.0503649
59.1 0.0497188
59.2 0.0512726
59.3 0.0502987
59.4 0.0498147
59.5 0.0500762
59.6 0.0511931
59.7 0.0522417
59.8 0.0521231
59.9 0.0522696
60 0.0517731
60.1 0.0518759
60.2 0.0512023
60.3 0.0519371
60.4 0.0516897
60.5 0.0516285
60.6 0.051526
60.7 0.0517051
60.8 0.0520776
60.9 0.0536022
61 0.0529156
61.1 0.053128
61.2 0.0520487
61.3 0.0524345
61.4 0.052647
61.5 0.0537393
61.6 0.0539761
61.7 0.0542414
61.8 0.0529294
61.9 0.0535471
62 0.0535831
62.1 0.0538892
62.2 0.0536019
62.3 0.0541203
62.4 0.0545518
62.5 0.0545018
62.6 0.0544652
62.7 0.0537803
62.8 0.0529329
62.9 0.0527784
63 0.0526338
63.1 0.0524894
63.2 0.0524744
63.3 0.0524249
63.4 0.0515741
63.5 0.0524813
63.6 0.0516743
63.7 0.0523422
63.8 0.0526886
63.9 0.0530733
64 0.0530429
64.1 0.0531325
64.2 0.0535115
64.3 0.0538124
64.4 0.0540102
64.5 0.0541075
64.6 0.0545054
64.7 0.0546987
64.8 0.0545955
64.9 0.0557119
65 0.0557616
65.1 0.0550686
65.2 0.0550254
65.3 0.0557571
65.4 0.0556237
65.5 0.0552612
65.6 0.0545808
65.7 0.0547299
65.8 0.0547022
65.9 0.0558263
66 0.0555904
66.1 0.0567577
66.2 0.0556416
66.3 0.0558012
66.4 0.0551968
66.5 0.0561483
66.6 0.0559215
66.7 0.0548186
66.8 0.0548416
66.9 0.0553059
67 0.0555388
67.1 0.0551869
67.2 0.0556362
67.3 0.0558554
67.4 0.0555844
67.5 0.0554099
67.6 0.0567844
67.7 0.0569534
67.8 0.0574965
67.9 0.0571619
68 0.0572203
68.1 0.0569325
68.2 0.0575169
68.3 0.0575607
68.4 0.0574252
68.5 0.0574751
68.6 0.0565435
68.7 0.0582218
68.8 0.0570066
68.9 0.0575263
69 0.0581926
69.1 0.0592363
69.2 0.0593844
69.3 0.058935
69.4 0.0581251
69.5 0.0573744
69.6 0.0577226
69.7 0.0586962
69.8 0.0581571
69.9 0.0578612
70 0.0573858
70.1 0.0572226
70.2 0.0571424
70.3 0.0584902
70.4 0.0581513
70.5 0.0584743
70.6 0.0584592
70.7 0.0569957
70.8 0.0575681
70.9 0.0577701
71 0.0580486
71.1 0.0581261
71.2 0.0588978
71.3 0.0585259
71.4 0.0577757
71.5 0.058701
71.6 0.0583207
71.7 0.0584717
71.8 0.0582328
71.9 0.0594009
72 0.0603494
72.1 0.0599033
72.2 0.0594865
72.3 0.0594972
72.4 0.0586989
72.5 0.058927
72.6 0.0596637
72.7 0.0592435
72.8 0.0576494
72.9 0.0588117
73 0.0576828
73.1 0.0581115
73.2 0.0599081
73.3 0.060415
73.4 0.0599336
73.5 0.0609253
73.6 0.0590856
73.7 0.0604466
73.8 0.0592825
73.9 0.0601961
74 0.0598488
74.1 0.0588882
74.2 0.0597319
74.3 0.0588071
74.4 0.0596945
74.5 0.0593884
74.6 0.0605471
74.7 0.0587671
74.8 0.0593606
74.9 0.0596404
75 0.0587601
75.1 0.0583856
75.2 0.0586428
75.3 0.0596596
75.4 0.0608253
75.5 0.0618806
75.6 0.0621228
75.7 0.0633165
75.8 0.0637573
75.9 0.062539
76 0.0627027
76.1 0.0625774
76.2 0.0624696
76.3 0.0635497
76.4 0.0634274
76.5 0.0633437
76.6 0.0625396
76.7 0.0620749
76.8 0.0618128
76.9 0.0631711
77 0.0645854
77.1 0.0649576
77.2 0.0653181
77.3 0.0641347
77.4 0.0635205
77.5 0.0635743
77.6 0.0646056
77.7 0.0642731
77.8 0.0631845
77.9 0.0645586
78 0.0645226
78.1 0.0650114
78.2 0.0660772
78.3 0.065786
78.4 0.0657961
78.5 0.0667178
78.6 0.0661192
78.7 0.0651739
78.8 0.0648686
78.9 0.0647609
79 0.0645075
79.1 0.0652563
79.2 0.0667619
79.3 0.0674942
79.4 0.0673075
79.5 0.0670508
79.6 0.0673693
79.7 0.067063
79.8 0.0663072
79.9 0.0670769
80 0.0659334
80.1 0.0665391
80.2 0.0659414
80.3 0.0659403
80.4 0.0671625
80.5 0.0670521
80.6 0.0670432
80.7 0.0671163
80.8 0.0666344
80.9 0.0652711
81 0.0669929
81.1 0.0667533
81.2 0.0676346
81.3 0.0685423
81.4 0.067938
81.5 0.0683811
81.6 0.0675952
81.7 0.068256
81.8 0.0697743
81.9 0.0676269
82 0.0674593
82.1 0.0690326
82.2 0.0688136
82.3 0.0676662
82.4 0.0688384
82.5 0.0695704
82.6 0.0694528
82.7 0.0700132
82.8 0.0694737
82.9 0.0698149
83 0.0697489
83.1 0.0703431
83.2 0.0692185
83.3 0.0684021
83.4 0.0680965
83.5 0.067789
83.6 0.0682537
83.7 0.067887
83.8 0.0675747
83.9 0.0679228
84 0.0685752
84.1 0.0687056
84.2 0.0693952
84.3 0.0696582
84.4 0.0702986
84.5 0.0699694
84.6 0.0703166
84.7 0.0703311
84.8 0.0714834
84.9 0.0720829
85 0.0709515
85.1 0.0698212
85.2 0.0694693
85.3 0.0696202
85.4 0.0699297
85.5 0.070817
85.6 0.0704474
85.7 0.0690648
85.8 0.0687919
85.9 0.0693319
86 0.0690323
86.1 0.0704522
86.2 0.0714805
86.3 0.0721095
86.4 0.071689
86.5 0.0706031
86.6 0.0706322
86.7 0.0698337
86.8 0.0695646
86.9 0.0695466
87 0.0693336
87.1 0.0702994
87.2 0.0704282
87.3 0.069675
87.4 0.0700901
87.5 0.0693221
87.6 0.0701575
87.7 0.0717156
87.8 0.0720879
87.9 0.0708238
88 0.0711681
88.1 0.0693533
88.2 0.069912
88.3 0.0707679
88.4 0.0711925
88.5 0.0722805
88.6 0.0729662
88.7 0.072031
88.8 0.0717911
88.9 0.0731371
89 0.0743166
89.1 0.0729823
89.2 0.0734755
89.3 0.0733479
89.4 0.0726156
89.5 0.0725694
89.6 0.0738744
89.7 0.0751462
89.8 0.0740491
89.9 0.0741684
90 0.0742019
90.1 0.0726689
90.2 0.072791
90.3 0.0728483
90.4 0.0742948
90.5 0.0735195
90.6 0.0728219
90.7 0.0743527
90.8 0.0740061
90.9 0.0740268
91 0.0747688
91.1 0.075298
91.2 0.0755179
91.3 0.0758413
91.4 0.0749743
91.5 0.0765527
91.6 0.0764879
91.7 0.0742777
91.8 0.0745981
91.9 0.0740327
92 0.0752794
92.1 0.0754234
92.2 0.075423
92.3 0.0756352
92.4 0.0747441
92.5 0.0751917
92.6 0.0743962
92.7 0.0739191
92.8 0.0735165
92.9 0.075225
93 0.074863
93.1 0.074957
93.2 0.0765117
93.3 0.0766827
93.4 0.0770405
93.5 0.0772655
93.6 0.0765558
93.7 0.0756178
93.8 0.0768899
93.9 0.0769898
94 0.0764196
94.1 0.075688
94.2 0.0764178
94.3 0.0762528
94.4 0.0760834
94.5 0.0774245
94.6 0.077333
94.7 0.0776615
94.8 0.0781077
94.9 0.0765141
95 0.0771272
95.1 0.0770508
95.2 0.0773255
95.3 0.0774227
95.4 0.0780135
95.5 0.0785201
95.6 0.0781658
95.7 0.0782962
95.8 0.0787922
95.9 0.0788405
96 0.0797084
96.1 0.0798306
96.2 0.0795139
96.3 0.0801554
96.4 0.0801128
96.5 0.0793375
96.6 0.0783377
96.7 0.0790157
96.8 0.0777385
96.9 0.0777064
97 0.078943
97.1 0.0782788
97.2 0.0780702
97.3 0.0780952
97.4 0.0780709
97.5 0.0784811
97.6 0.079265
97.7 0.0783979
97.8 0.0782208
97.9 0.0785642
98 0.0772299
98.1 0.0784003
98.2 0.078288
98.3 0.0784084
98.4 0.0794285
98.5 0.0785512
98.6 0.0782278
98.7 0.0789373
98.8 0.0785194
98.9 0.0802154
99 0.0787282
99.1 0.0783428
99.2 0.0781708
99.3 0.0773198
99.4 0.0778763
99.5 0.0791466
99.6 0.0801641
99.7 0.0796433
99.8 0.0798291
99.9 0.0794521
100 0.0781859
