0 133
0.1 133.005
0.2 133.366
0.3 133.302
0.4 133.481
0.5 133.569
0.6 133.794
0.7 133.664
0.8 133.802
0.9 133.664
1 133.714
1.1 134.106
1.2 133.943
1.3 133.982
1.4 133.802
1.5 133.529
1.6 133.59
1.7 133.621
1.8 133.682
1.9 133.601
2 133.553
2.1 133.612
2.2 133.395
2.3 133.495
2.4 133.352
2.5 133.459
2.6 133.714
2.7 133.711
2.8 133.671
2.9 133.613
3 133.692
3.1 133.488
3.2 133.408
3.3 133.334
3.4 133.11
3.5 133.504
3.6 133.758
3.7 133.997
3.8 134.103
3.9 133.956
4 134.18
4.1 133.854
4.2 134.092
4.3 133.66
4.4 134.001
4.5 133.751
4.6 133.618
4.7 133.599
4.8 133.573
4.9 133.479
5 133.378
5.1 133.604
5.2 133.518
5.3 133.554
5.4 133.338
5.5 133.385
5.6 133.223
5.7 132.958
5.8 132.832
5.9 132.875
6 132.85
6.1 132.933
6.2 132.982
6.3 132.633
6.4 132.672
6.5 132.557
6.6 132.568
6.7 132.467
6.8 132.278
6.9 132.178
7 131.951
7.1 132.005
7.2 132.022
7.3 131.882
7.4 131.594
7.5 131.788
7.6 131.8
7.7 131.552
7.8 131.533
7.9 131.359
8 131.299
8.1 131.404
8.2 131.424
8.3 131.293
8.4 131.069
8.5 131.307
8.6 131.086
8.7 131.146
8.8 130.908
8.9 130.7
9 130.539
9.1 130.288
9.2 130.326
9.3 130.343
9.4 130.181
9.5 130.06
9.6 129.908
9.7 129.704
9.8 129.639
9.9 129.559
10 129.377
10.1 129.348
10.2 129.247
10.3 129.431
10.4 129.488
10.5 129.342
10.6 129.218
10.7 129.125
10.8 129.396
10.9 129.127
11 128.887
11.1 128.51
11.2 128.589
11.3 128.951
11.4 129.009
11.5 128.632
11.6 128.682
11.7 128.589
11.8 128.407
11.9 128.063
12 127.83
12.1 127.434
12.2 127.33
12.3 127.327
12.4 127.23
12.5 127.125
12.6 126.92
12.7 126.976
12.8 126.925
12.9 126.952
13 126.643
13.1 126.615
13.2 126.656
13.3 126.429
13.4 126.163
13.5 126.458
13.6 126.036
13.7 126.288
13.8 126.23
13.9 126.13
14 126.226
14.1 126.098
14.2 126.187
14.3 126.078
14.4 126.079
14.5 126.191
14.6 126.078
14.7 125.88
14.8 125.886
14.9 125.496
15 125.241
15.1 124.987
15.2 125.13
15.3 124.925
15.4 124.641
15.5 124.504
15.6 124.633
15.7 124.623
15.8 124.351
15.9 124.098
16 123.909
16.1 123.853
16.2 123.859
16.3 123.887
16.4 123.469
16.5 123.291
16.6 123.112
16.7 122.924
16.8 122.982
16.9 122.862
17 123.053
17.1 122.925
17.2 123.019
17.3 122.603
17.4 122.322
17.5 122.185
17.6 122.068
17.7 121.949
17.8 121.985
17.9 121.801
18 121.514
18.1 121.433
18.2 121.465
18.3 121.215
18.4 121.376
18.5 121.413
18.6 121.455
18.7 121.573
18.8 121.512
18.9 121.216
19 121.437
19.1 121.307
19.2 120.949
19.3 121.074
19.4 121.054
19.5 121.096
19.6 120.971
19.7 120.693
19.8 120.508
19.9 120.527
20 120.305
20.1 120.332
20.2 120.159
20.3 120.171
20.4 120.325
20.5 120.412
20.6 120.384
20.7 120.514
20.8 120.085
20.9 119.954
21 119.966
21.1 119.979
21.2 119.806
21.3 119.663
21.4 119.506
21.5 119.435
21.6 119.131
21.7 118.925
21.8 118.752
21.9 118.806
22 118.8
22.1 118.862
22.2 118.932
22.3 118.899
22.4 118.656
22.5 118.524
22.6 118.335
22.7 118.537
22.8 118.318
22.9 118.487
23 118.323
23.1 118.31
23.2 118.158
23.3 118.006
23.4 117.896
23.5 117.749
23.6 117.726
23.7 117.401
23.8 117.629
23.9 117.413
24 117.334
24.1 117.425
24.2 117.214
24.3 117.22
24.4 117.055
24.5 117.092
24.6 117.181
24.7 116.867
24.8 116.919
24.9 116.924
25 117.024
25.1 116.771
25.2 116.489
25.3 116.497
25.4 116.443
25.5 116.502
25.6 116.439
25.7 116.224
25.8 116.209
25.9 116.159
26 115.795
26.1 116.079
26.2 115.898
26.3 115.711
26.4 115.602
26.5 115.694
26.6 115.49
26.7 115.489
26.8 115.338
26.9 115.48
27 114.853
27.1 114.694
27.2 114.76
27.3 114.714
27.4 114.928
27.5 114.618
27.6 114.709
27.7 114.775
27.8 114.891
27.9 114.535
28 114.544
28.1 114.465
28.2 114.302
28.3 114.047
28.4 114.066
28.5 114.205
28.6 113.916
28.7 114.018
28.8 113.864
28.9 113.848
29 113.743
29.1 113.327
29.2 113.347
29.3 113.102
29.4 113.152
29.5 112.968
29.6 113.082
29.7 112.81
29.8 112.872
29.9 113.056
30 112.721
30.1 112.723
30.2 112.688
30.3 112.676
30.4 112.375
30.5 112.291
30.6 112.419
30.7 112.593
30.8 112.399
30.9 112.316
31 112.12
31.1 112.099
31.2 111.886
31.3 111.811
31.4 111.872
31.5 112.081
31.6 111.653
31.7 111.524
31.8 111.209
31.9 110.861
32 110.947
32.1 110.674
32.2 110.804
32.3 110.834
32.4 110.805
32.5 110.679
32.6 110.807
32.7 110.743
32.8 110.361
32.9 110.329
33 110.275
33.1 110.178
33.2 110.006
33.3 110.003
33.4 110.04
33.5 109.869
33.6 109.78
33.7 109.874
33.8 109.769
33.9 109.757
34 109.725
34.1 109.704
34.2 109.668
34.3 109.541
34.4 109.319
34.5 109.48
34.6 109.64
34.7 109.424
34.8 109.502
34.9 109.401
35 109.418
35.1 109.222
35.2 109.215
35.3 108.945
35.4 108.995
35.5 109.08
35.6 109.065
35.7 109.205
35.8 109.041
35.9 109.3
36 109.365
36.1 109.265
36.2 108.956
36.3 108.853
36.4 108.888
36.5 108.534
36.6 108.629
36.7 108.589
36.8 108.465
36.9 108.409
37 108.421
37.1 108.289
37.2 108.497
37.3 108.217
37.4 108.016
37.5 108.1
37.6 108.13
37.7 107.82
37.8 107.992
37.9 108.077
38 107.767
38.1 107.915
38.2 108.147
38.3 107.752
38.4 107.903
38.5 107.656
38.6 107.319
38.7 107.681
38.8 107.619
38.9 107.656
39 107.612
39.1 107.336
39.2 107.335
39.3 107.247
39.4 107.234
39.5 107.276
39.6 107.452
39.7 107.432
39.8 107.117
39.9 107.237
40 107.153
40.1 107.262
40.2 107.028
40.3 106.823
40.4 106.809
40.5 106.99
40.6 106.534
40.7 106.47
40.8 106.373
40.9 106.062
41 106.325
41.1 106.394
41.2 106.575
41.3 106.444
41.4 106.317
41.5 106.363
41.6 106.248
41.7 106.17
41.8 105.962
41.9 106.103
42 106.027
42.1 106.044
42.2 106.047
42.3 106.159
42.4 106.26
42.5 106.501
42.6 106.294
42.7 106.184
42.8 106.249
42.9 106.223
43 106.003
43.1 105.779
43.2 105.577
43.3 105.526
43.4 105.414
43.5 105.504
43.6 105.404
43.7 105.454
43.8 105.526
43.9 105.43
44 105.472
44.1 105.357
44.2 105.384
44.3 105.402
44.4 105.291
44.5 105.094
44.6 105.024
44.7 105.168
44.8 105.135
44.9 105.287
45 105.143
45.1 105.252
45.2 105.171
45.3 105.268
45.4 104.974
45.5 105.211
45.6 105.063
45.7 105.037
45.8 104.917
45.9 104.894
46 104.844
46.1 104.568
46.2 104.513
46.3 104.25
46.4 104.013
46.5 104.17
46.6 104.162
46.7 104.168
46.8 103.901
46.9 104.002
47 103.87
47.1 103.863
47.2 103.768
47.3 103.914
47.4 103.764
47.5 103.875
47.6 103.945
47.7 103.886
47.8 103.914
47.9 103.983
48 104.106
48.1 104.199
48.2 103.988
48.3 104.1
48.4 103.916
48.5 103.932
48.6 104.009
48.7 104.163
48.8 104.218
48.9 104.079
49 104.167
49.1 104.204
49.2 104.313
49.3 104.291
49.4 104.08
49.5 103.95
49.6 103.95
49.7 103.768
49.8 103.817
49.9 103.353
50 103.466
50.1 103.483
50.2 103.72
50.3 103.484
50.4 103.43
50.5 103.471
50.6 103.23
50.7 103.384
50.8 103.321
50.9 103.235
51 102.97
51.1 103.399
51.2 103.47
51.3 103.427
51.4 103.525
51.5 103.24
51.6 103.158
51.7 103.281
51.8 103.052
51.9 103.421
52 103.334
52.1 103.577
52.2 103.305
52.3 103.154
52.4 103.302
52.5 103.181
52.6 103.159
52.7 102.965
52.8 102.991
52.9 102.833
53 102.768
53.1 103.104
53.2 102.759
53.3 102.723
53.4 102.827
53.5 102.786
53.6 102.595
53.7 102.402
53.8 102.675
53.9 102.617
54 102.597
54.1 102.246
54.2 102.351
54.3 102.279
54.4 102.241
54.5 102.122
54.6 102.045
54.7 102.148
54.8 102.239
54.9 102.141
55 101.938
55.1 101.986
55.2 102.084
55.3 101.932
55.4 101.865
55.5 101.953
55.6 101.939
55.7 101.751
55.8 101.7
55.9 101.837
56 101.743
56.1 101.912
56.2 101.752
56.3 101.518
56.4 101.48
56.5 101.3
56.6 101.329
56.7 101.415
56.8 101.269
56.9 101.3
57 101.221
57.1 101.091
57.2 101.028
57.3 100.968
57.4 100.99
57.5 100.908
57.6 101.136
57.7 101.036
57.8 100.914
57.9 100.865
58 100.981
58.1 100.916
58.2 100.811
58.3 100.709
58.4 100.716
58.5 100.89
58.6 100.792
58.7 100.765
58.8 100.649
58.9 100.622
59 100.741
59.1 100.866
59.2 100.659
59.3 100.614
59.4 100.447
59.5 100.42
59.6 100.5
59.7 100.495
59.8 100.618
59.9 100.763
60 100.67
60.1 100.714
60.2 100.671
60.3 100.53
60.4 100.471
60.5 100.453
60.6 100.521
60.7 100.659
60.8 100.491
60.9 100.203
61 100.053
61.1 99.9016
61.2 99.9536
61.3 100.023
61.4 99.993
61.5 99.8072
61.6 99.9782
61.7 100.007
61.8 100.149
61.9 99.9941
62 100.046
62.1 99.6816
62.2 99.6618
62.3 99.6571
62.4 99.8978
62.5 99.8208
62.6 99.8013
62.7 99.5386
62.8 99.3096
62.9 99.3147
63 99.2362
63.1 99.4355
63.2 99.4117
63.3 99.2372
63.4 99.1395
63.5 99.2482
63.6 99.2403
63.7 99.1547
63.8 98.9592
63.9 99.2011
64 99.1979
64.1 99.2478
64.2 99.1879
64.3 99.2603
64.4 99.3041
64.5 99.0949
64.6 99.0083
64.7 99.0079
64.8 98.8477
64.9 98.9727
65 99.0242
65.1 98.9731
65.2 98.9571
65.3 99.0081
65.4 99.0308
65.5 99.0931
65.6 98.8835
65.7 98.918
65.8 98.9329
65.9 98.6352
66 98.9516
66.1 98.9185
66.2 98.8531
66.3 98.9222
66.4 98.727
66.5 98.4762
66.6 98.6249
66.7 98.4412
66.8 98.478
66.9 98.5383
67 98.4211
67.1 98.3906
67.2 98.5417
67.3 98.4681
67.4 98.3804
67.5 98.2432
67.6 98.2594
67.7 98.1781
67.8 98.1261
67.9 98.0376
68 98.1478
68.1 98.179
68.2 98.1235
68.3 98.2885
68.4 98.2593
68.5 98.3053
68.6 98.3734
68.7 98.1854
68.8 98.1896
68.9 98.0076
69 98.0525
69.1 98.083
69.2 98.0419
69.3 97.9144
69.4 97.733
69.5 97.9494
69.6 97.9879
69.7 97.7845
69.8 97.986
69.9 97.7198
70 97.8686
70.1 97.9723
70.2 97.9838
70.3 98.0914
70.4 98.0461
70.5 97.9659
70.6 97.9358
70.7 97.8208
70.8 97.7054
70.9 97.9528
71 98.015
71.1 97.7634
71.2 97.8499
71.3 97.6369
71.4 97.6142
71.5 97.6845
71.6 97.7328
71.7 97.7373
71.8 97.7691
71.9 97.492
72 97.4803
72.1 97.2356
72.2 97.218
72.3 97.2074
72.4 97.0582
72.5 96.9714
72.6 97.0184
72.7 96.8504
72.8 96.7943
72.9 96.9332
73 96.8082
73.1 96.7619
73.2 96.3743
73.3 96.3553
73.4 96.4462
73.5 96.6199
73.6 96.5885
73.7 96.3369
73.8 96.5019
73.9 96.4447
74 96.3745
74.1 96.4618
74.2 96.4256
74.3 96.5177
74.4 96.6682
74.5 96.4006
74.6 96.5392
74.7 96.4655
74.8 96.569
74.9 96.3682
75 96.4364
75.1 96.4757
75.2 96.4334
75.3 96.3002
75.4 96.3955
75.5 96.3435
75.6 96.1772
75.7 96.0826
75.8 96.0631
75.9 96.1245
76 96.09
76.1 96.0546
76.2 96.296
76.3 96.2471
76.4 96.0332
76.5 96.2537
76.6 96.4399
76.7 96.3337
76.8 96.297
76.9 96.073
77 96.0583
77.1 96.0741
77.2 95.9186
77.3 95.8351
77.4 95.7454
77.5 95.609
77.6 95.7552
77.7 95.4172
77.8 95.4356
77.9 95.4617
78 95.3745
78.1 95.3299
78.2 95.2086
78.3 95.3588
78.4 95.4027
78.5 95.321
78.6 95.2171
78.7 95.2258
78.8 95.3034
78.9 95.3866
79 95.407
79.1 95.1138
79.2 95.0871
79.3 95.2605
79.4 94.9972
79.5 95.0869
79.6 94.8557
79.7 94.9415
79.8 94.7379
79.9 94.7445
80 94.7248
80.1 94.8602
80.2 94.9915
80.3 94.891
80.4 94.9628
80.5 95.0524
80.6 94.9492
80.7 94.9763
80.8 95.0122
80.9 95.1262
81 95.1476
81.1 95.0678
81.2 95.0088
81.3 95.0495
81.4 95.1382
81.5 95.0123
81.6 94.9726
81.7 94.8179
81.8 95.023
81.9 94.7906
82 94.8598
82.1 94.6219
82.2 94.5251
82.3 94.5707
82.4 94.5632
82.5 94.4648
82.6 94.5125
82.7 94.5606
82.8 94.6552
82.9 94.4575
83 94.363
83.1 94.452
83.2 94.3595
83.3 94.5896
83.4 94.2509
83.5 94.4675
83.6 94.4249
83.7 94.5644
83.8 94.397
83.9 94.3761
84 94.2214
84.1 94.2279
84.2 94.1613
84.3 93.9782
84.4 94.2206
84.5 94.0999
84.6 93.989
84.7 94.005
84.8 94.1577
84.9 93.9863
85 94.1449
85.1 94.0572
85.2 94.0334
85.3 93.9515
85.4 93.8902
85.5 93.984
85.6 94.1331
85.7 94.0715
85.8 93.9709
85.9 94.2029
86 93.9542
86.1 94.1942
86.2 94.2138
86.3 93.9952
86.4 93.8294
86.5 93.6979
86.6 93.5982
86.7 93.7129
86.8 93.6288
86.9 93.7871
87 93.6127
87.1 93.7978
87.2 93.6901
87.3 93.5644
87.4 93.5036
87.5 93.7627
87.6 93.7976
87.7 93.818
87.8 93.8191
87.9 93.9228
88 93.6469
88.1 93.4664
88.2 93.6691
88.3 93.5901
88.4 93.5332
88.5 93.7653
88.6 93.52
88.7 93.6006
88.8 93.5789
88.9 93.7826
89 93.6151
89.1 93.5752
89.2 93.6435
89.3 93.6441
89.4 93.7879
89.5 93.7046
89.6 93.8601
89.7 93.7527
89.8 93.7964
89.9 93.7829
90 93.849
90.1 93.8306
90.2 93.7638
90.3 93.6351
90.4 93.3682
90.5 93.3914
90.6 93.3809
90.7 93.2125
90.8 93.5608
90.9 93.356
91 93.3753
91.1 93.2931
91.2 93.1584
91.3 93.2841
91.4 93.1966
91.5 93.3568
91.6 93.4343
91.7 93.3239
91.8 93.1723
91.9 92.9069
92 93.1252
92.1 92.8324
92.2 92.9866
92.3 92.8905
92.4 93.179
92.5 93.0326
92.6 92.7902
92.7 92.9198
92.8 93.13
92.9 93.42
93 93.254
93.1 93.2302
93.2 92.9878
93.3 93.1295
93.4 93.0333
93.5 92.825
93.6 92.9307
93.7 92.7558
93.8 93.0555
93.9 92.9031
94 92.8507
94.1 92.7798
94.2 92.6914
94.3 92.5993
94.4 92.7482
94.5 92.7417
94.6 92.425
94.7 92.5213
94.8 92.6854
94.9 92.3717
95 92.537
95.1 92.6484
95.2 92.6081
95.3 92.6253
95.4 92.582
95.5 92.5479
95.6 92.5572
95.7 92.5401
95.8 92.586
95.9 92.6397
96 92.7578
96.1 92.7513
96.2 92.6745
96.3 92.9455
96.4 92.7944
96.5 92.7833
96.6 92.7884
96.7 92.7323
96.8 92.7829
96.9 92.9217
97 92.923
97.1 92.8031
97.2 92.8189
97.3 92.817
97.4 92.8655
97.5 92.7022
97.6 92.7738
97.7 92.4655
97.8 92.41
97.9 92.5112
98 92.4629
98.1 92.481
98.2 92.5785
98.3 92.5947
98.4 92.7391
98.5 92.8037
98.6 92.6991
98.7 92.8846
98.8 92.3661
98.9 92.4233
99 92.4986
99.1 92.5261
99.2 92.4991
99.3 92.2975
99.4 92.3349
99.5 92.4083
99.6 92.1533
99.7 91.9763
99.8 92.1076
99.9 92.3151
100 92.2888
