0 0
0.1 0.0020426
0.2 0.00370651
0.3 0.0049049
0.4 0.00599728
0.5 0.00683678
0.6 0.00772513
0.7 0.0086454
0.8 0.00893464
0.9 0.0095056
1 0.0100086
1.1 0.0107815
1.2 0.0111884
1.3 0.0119634
1.4 0.0119825
1.5 0.0122121
1.6 0.0125976
1.7 0.0127694
1.8 0.0133167
1.9 0.0140227
2 0.0143477
2.1 0.0142278
2.2 0.0145512
2.3 0.0154144
2.4 0.0152425
2.5 0.0158828
2.6 0.0168811
2.7 0.0170318
2.8 0.0170089
2.9 0.0174656
3 0.0184894
3.1 0.0185348
3.2 0.0194381
3.3 0.0193188
3.4 0.0191774
3.5 0.0202057
3.6 0.0201364
3.7 0.0201202
3.8 0.0200809
3.9 0.0202015
4 0.0206895
4.1 0.0208562
4.2 0.0203675
4.3 0.0211639
4.4 0.0208742
4.5 0.0213138
4.6 0.0222687
4.7 0.0224137
4.8 0.0226051
4.9 0.0230418
5 0.0232363
5.1 0.023123
5.2 0.0236423
5.3 0.0233295
5.4 0.0240097
5.5 0.0239251
5.6 0.0236203
5.7 0.0240558
5.8 0.0243792
5.9 0.0236723
6 0.0243649
6.1 0.0250499
6.2 0.0251984
6.3 0.025705
6.4 0.0260176
6.5 0.0266516
6.6 0.0271608
6.7 0.0270044
6.8 0.0277488
6.9 0.0278363
7 0.0277873
7.1 0.0280489
7.2 0.0281929
7.3 0.0288804
7.4 0.0282388
7.5 0.0279386
7.6 0.0284639
7.7 0.0286427
7.8 0.0292086
7.9 0.0297599
8 0.0303048
8.1 0.0302398
8.2 0.0300356
8.3 0.0300257
8.4 0.0304242
8.5 0.0304887
8.6 0.029988
8.7 0.0309511
8.8 0.0313929
8.9 0.0315467
9 0.0316106
9.1 0.0324569
9.2 0.031869
9.3 0.0329152
9.4 0.032569
9.5 0.0336263
9.6 0.033624
9.7 0.0338103
9.8 0.0346493
9.9 0.0342853
10 0.034262
10.1 0.0342775
10.2 0.0338239
10.3 0.0337145
10.4 0.0345385
10.5 0.0350799
10.6 0.0350785
10.7 0.0341555
10.8 0.0346994
10.9 0.0344079
11 0.0345054
11.1 0.0350706
11.2 0.0352824
11.3 0.0342651
11.4 0.0339983
11.5 0.0336435
11.6 0.0345118
11.7 0.0342668
11.8 0.0346893
11.9 0.0344581
12 0.0349227
12.1 0.0340738
12.2 0.0340255
12.3 0.0344019
12.4 0.0351074
12.5 0.0350622
12.6 0.0350994
12.7 0.0360085
12.8 0.036118
12.9 0.0372748
13 0.0375882
13.1 0.038034
13.2 0.0386519
13.3 0.0389495
13.4 0.0383496
13.5 0.0377232
13.6 0.0373696
13.7 0.0378865
13.8 0.0385004
13.9 0.0392469
14 0.0397679
14.1 0.0402371
14.2 0.0408664
14.3 0.0420892
14.4 0.0422455
14.5 0.0426546
14.6 0.0422128
14.7 0.0427028
14.8 0.0429464
14.9 0.0428699
15 0.0443919
15.1 0.0446603
15.2 0.0450769
15.3 0.0449168
15.4 0.0455208
15.5 0.0457697
15.6 0.0459633
15.7 0.0461175
15.8 0.0461301
15.9 0.0457
16 0.0439786
16.1 0.0440119
16.2 0.0455681
16.3 0.0461546
16.4 0.0452334
16.5 0.0459215
16.6 0.0459705
16.7 0.0462892
16.8 0.0468333
16.9 0.0468321
17 0.0465762
17.1 0.047848
17.2 0.0480882
17.3 0.0477342
17.4 0.0483179
17.5 0.0487175
17.6 0.0491677
17.7 0.0497423
17.8 0.0492326
17.9 0.0490868
18 0.0498009
18.1 0.0507243
18.2 0.0507457
18.3 0.0501149
18.4 0.0512001
18.5 0.0505015
18.6 0.0519626
18.7 0.0525164
18.8 0.0518869
18.9 0.0524079
19 0.0528196
19.1 0.052612
19.2 0.0524137
19.3 0.0530714
19.4 0.0516072
19.5 0.0520655
19.6 0.0524568
19.7 0.0516483
19.8 0.0525797
19.9 0.0542322
20 0.0551782
20.1 0.055904
20.2 0.0550731
20.3 0.0534755
20.4 0.0529097
20.5 0.0531956
20.6 0.0543502
20.7 0.0537625
20.8 0.0532128
20.9 0.0542494
21 0.053784
21.1 0.0543138
21.2 0.0543925
21.3 0.0555868
21.4 0.0555231
21.5 0.0559123
21.6 0.0554669
21.7 0.0551942
21.8 0.05621
21.9 0.057128
22 0.0574304
22.1 0.0570973
22.2 0.0581507
22.3 0.0587984
22.4 0.058562
22.5 0.0583624
22.6 0.0579156
22.7 0.0583981
22.8 0.0598414
22.9 0.0583412
23 0.0582905
23.1 0.0578291
23.2 0.0577978
23.3 0.0592708
23.4 0.0604506
23.5 0.0602587
23.6 0.0604997
23.7 0.0614049
23.8 0.0612845
23.9 0.0625389
24 0.063457
24.1 0.0632459
24.2 0.0623145
24.3 0.0626761
24.4 0.0630181
24.5 0.0642583
24.6 0.0647934
24.7 0.0650787
24.8 0.064938
24.9 0.0644446
25 0.0648323
25.1 0.0644962
25.2 0.0645828
25.3 0.0645516
25.4 0.0648373
25.5 0.0637787
25.6 0.0638113
25.7 0.0645394
25.8 0.0640992
25.9 0.0635208
26 0.0631311
26.1 0.0638091
26.2 0.0643892
26.3 0.0641129
26.4 0.0640781
26.5 0.0653214
26.6 0.0643221
26.7 0.0657463
26.8 0.0660363
26.9 0.0650547
27 0.0661221
27.1 0.0673721
27.2 0.0685559
27.3 0.0686215
27.4 0.0683392
27.5 0.0692541
27.6 0.069016
27.7 0.0704424
27.8 0.0698401
27.9 0.0695814
28 0.070585
28.1 0.0703661
28.2 0.0694914
28.3 0.0689112
28.4 0.067578
28.5 0.068064
28.6 0.0694966
28.7 0.0689361
28.8 0.0688065
28.9 0.0695738
29 0.0696531
29.1 0.0691502
29.2 0.0692066
29.3 0.0683678
29.4 0.0674755
29.5 0.0686439
29.6 0.068096
29.7 0.0680919
29.8 0.068017
29.9 0.0690109
30 0.0693597
30.1 0.0694999
30.2 0.0685101
30.3 0.068153
30.4 0.0686515
30.5 0.0683206
30.6 0.0686028
30.7 0.0683199
30.8 0.0700614
30.9 0.0701601
31 0.0703466
31.1 0.070049
31.2 0.070591
31.3 0.0711049
31.4 0.0722788
31.5 0.072571
31.6 0.0706801
31.7 0.071544
31.8 0.0726137
31.9 0.0732754
32 0.07267
32.1 0.0729086
32.2 0.0724433
32.3 0.0729437
32.4 0.0730303
32.5 0.0740385
32.6 0.07503
32.7 0.0747165
32.8 0.0753548
32.9 0.0746906
33 0.0740107
33.1 0.0743621
33.2 0.0751313
33.3 0.073836
33.4 0.0745445
33.5 0.0746257
33.6 0.0745859
33.7 0.0733092
33.8 0.072369
33.9 0.0733099
34 0.0733593
34.1 0.0740621
34.2 0.0757193
34.3 0.0755106
34.4 0.0753009
34.5 0.0755312
34.6 0.0751206
34.7 0.076047
34.8 0.0760872
34.9 0.075759
35 0.0748138
35.1 0.0756396
35.2 0.0758215
35.3 0.0751094
35.4 0.0769514
35.5 0.0775327
35.6 0.0776605
35.7 0.076143
35.8 0.0762744
35.9 0.076594
36 0.076818
36.1 0.0769225
36.2 0.0778093
36.3 0.0772304
36.4 0.0776592
36.5 0.0776048
36.6 0.0770325
36.7 0.0769387
36.8 0.0778693
36.9 0.07888
37 0.0796129
37.1 0.0798439
37.2 0.080166
37.3 0.0815006
37.4 0.0814442
37.5 0.0825951
37.6 0.0834059
37.7 0.0820672
37.8 0.0824771
37.9 0.082856
38 0.0822337
38.1 0.0803057
38.2 0.0796456
38.3 0.0802567
38.4 0.0804156
38.5 0.0799513
38.6 0.080273
38.7 0.080876
38.8 0.0811648
38.9 0.0812594
39 0.0818628
39.1 0.0808025
39.2 0.0811487
39.3 0.080311
39.4 0.0798839
39.5 0.0811838
39.6 0.0802315
39.7 0.0808572
39.8 0.0815698
39.9 0.0811348
40 0.0810991
40.1 0.0825631
40.2 0.0813797
40.3 0.0810671
40.4 0.0821475
40.5 0.0828454
40.6 0.0835166
40.7 0.0840239
40.8 0.0845737
40.9 0.0845573
41 0.0851778
41.1 0.0870059
41.2 0.0870877
41.3 0.0861971
41.4 0.0860894
41.5 0.0871212
41.6 0.0861497
41.7 0.0845978
41.8 0.0862034
41.9 0.0877674
42 0.0877244
42.1 0.0887492
42.2 0.088104
42.3 0.0866664
42.4 0.0865337
42.5 0.0872469
42.6 0.0864944
42.7 0.0879339
42.8 0.0887068
42.9 0.0893372
43 0.0899726
43.1 0.0894569
43.2 0.0890305
43.3 0.0895223
43.4 0.0896336
43.5 0.0904471
43.6 0.0915394
43.7 0.0902033
43.8 0.0916322
43.9 0.0898805
44 0.090731
44.1 0.090646
44.2 0.0909321
44.3 0.0913118
44.4 0.0917992
44.5 0.0902796
44.6 0.0917329
44.7 0.0910585
44.8 0.090641
44.9 0.091603
45 0.0921978
45.1 0.0920962
45.2 0.091123
45.3 0.09114
45.4 0.0925903
45.5 0.0928765
45.6 0.0931228
45.7 0.0932843
45.8 0.0955606
45.9 0.09437
46 0.0946092
46.1 0.0961794
46.2 0.0966718
46.3 0.0968649
46.4 0.0972093
46.5 0.0974007
46.6 0.0992202
46.7 0.0995178
46.8 0.0972391
46.9 0.0973604
47 0.0970798
47.1 0.0974655
47.2 0.0987445
47.3 0.0992564
47.4 0.0989045
47.5 0.0988047
47.6 0.0993189
47.7 0.0995227
47.8 0.0998173
47.9 0.0995061
48 0.101192
48.1 0.101484
48.2 0.103736
48.3 0.10329
48.4 0.102812
48.5 0.101132
48.6 0.100959
48.7 0.102195
48.8 0.102663
48.9 0.103448
49 0.104019
49.1 0.103651
49.2 0.103649
49.3 0.102271
49.4 0.102677
49.5 0.101532
49.6 0.10368
49.7 0.102422
49.8 0.102523
49.9 0.103921
50 0.102653
50.1 0.102533
50.2 0.102297
50.3 0.102634
50.4 0.103444
50.5 0.104046
50.6 0.10415
50.7 0.103321
50.8 0.104738
50.9 0.104243
51 0.103579
51.1 0.10388
51.2 0.103396
51.3 0.103763
51.4 0.104368
51.5 0.104676
51.6 0.105872
51.7 0.105614
51.8 0.107066
51.9 0.1077
52 0.107986
52.1 0.105432
52.2 0.105757
52.3 0.106091
52.4 0.106601
52.5 0.105946
52.6 0.106333
52.7 0.106884
52.8 0.108985
52.9 0.108786
53 0.106943
53.1 0.107741
53.2 0.108838
53.3 0.109043
53.4 0.109808
53.5 0.109928
53.6 0.110258
53.7 0.110674
53.8 0.109574
53.9 0.108526
54 0.109152
54.1 0.108241
54.2 0.108767
54.3 0.11035
54.4 0.109488
54.5 0.110817
54.6 0.110729
54.7 0.111506
54.8 0.111279
54.9 0.11247
55 0.113228
55.1 0.113626
55.2 0.113827
55.3 0.114932
55.4 0.114244
55.5 0.113781
55.6 0.115323
55.7 0.11422
55.8 0.114424
55.9 0.114549
56 0.115923
56.1 0.115926
56.2 0.11564
56.3 0.113579
56.4 0.114452
56.5 0.116765
56.6 0.115762
56.7 0.11688
56.8 0.117317
56.9 0.116522
57 0.115145
57.1 0.116812
57.2 0.117942
57.3 0.117133
57.4 0.118367
57.5 0.117132
57.6 0.117975
57.7 0.116398
57.8 0.117283
57.9 0.119028
58 0.120028
58.1 0.119395
58.2 0.119818
58.3 0.119793
58.4 0.119393
58.5 0.120368
58.6 0.119858
58.7 0.120132
58.8 0.121498
58.9 0.121781
59 0.121039
59.1 0.119792
59.2 0.120089
59.3 0.119366
59.4 0.117802
59.5 0.118914
59.6 0.120482
59.7 0.121332
59.8 0.121088
59.9 0.121504
60 0.121917
60.1 0.121905
60.2 0.120798
60.3 0.11989
60.4 0.120173
60.5 0.120406
60.6 0.11925
60.7 0.121377
60.8 0.121027
60.9 0.122549
61 0.122136
61.1 0.121247
61.2 0.123364
61.3 0.123998
61.4 0.122873
61.5 0.122888
61.6 0.121855
61.7 0.122207
61.8 0.122354
61.9 0.12342
62 0.123256
62.1 0.123585
62.2 0.122575
62.3 0.121473
62.4 0.120247
62.5 0.122038
62.6 0.122068
62.7 0.122605
62.8 0.121969
62.9 0.12037
63 0.121193
63.1 0.121615
63.2 0.122252
63.3 0.121694
63.4 0.121923
63.5 0.120029
63.6 0.121396
63.7 0.120712
63.8 0.123243
63.9 0.12358
64 0.123423
64.1 0.124153
64.2 0.124191
64.3 0.124635
64.4 0.126497
64.5 0.127302
64.6 0.126538
64.7 0.127032
64.8 0.128167
64.9 0.127998
65 0.128848
65.1 0.127167
65.2 0.12712
65.3 0.125798
65.4 0.127885
65.5 0.127864
65.6 0.129655
65.7 0.128708
65.8 0.131515
65.9 0.128898
66 0.130039
66.1 0.130726
66.2 0.129734
66.3 0.129962
66.4 0.129203
66.5 0.128598
66.6 0.128144
66.7 0.127966
66.8 0.129525
66.9 0.131401
67 0.130851
67.1 0.128801
67.2 0.129556
67.3 0.130725
67.4 0.132432
67.5 0.132449
67.6 0.132131
67.7 0.132029
67.8 0.133002
67.9 0.133453
68 0.134206
68.1 0.132753
68.2 0.132771
68.3 0.133244
68.4 0.133381
68.5 0.133433
68.6 0.13276
68.7 0.133733
68.8 0.135917
68.9 0.13402
69 0.13388
69.1 0.133394
69.2 0.134398
69.3 0.135547
69.4 0.135004
69.5 0.135266
69.6 0.136593
69.7 0.137315
69.8 0.137266
69.9 0.13554
70 0.137095
70.1 0.137164
70.2 0.135935
70.3 0.135592
70.4 0.137992
70.5 0.138426
70.6 0.138531
70.7 0.137526
70.8 0.139245
70.9 0.13891
71 0.13942
71.1 0.136901
71.2 0.137637
71.3 0.138156
71.4 0.137355
71.5 0.13847
71.6 0.139956
71.7 0.139882
71.8 0.140986
71.9 0.14173
72 0.14265
72.1 0.141641
72.2 0.141615
72.3 0.14042
72.4 0.13983
72.5 0.141679
72.6 0.14199
72.7 0.140637
72.8 0.14278
72.9 0.142514
73 0.142511
73.1 0.144359
73.2 0.14428
73.3 0.144629
73.4 0.14447
73.5 0.146151
73.6 0.146325
73.7 0.147352
73.8 0.146118
73.9 0.148384
74 0.14834
74.1 0.146494
74.2 0.148171
74.3 0.14716
74.4 0.145395
74.5 0.146451
74.6 0.146026
74.7 0.144547
74.8 0.144838
74.9 0.144528
75 0.146945
75.1 0.146588
75.2 0.146757
75.3 0.145709
75.4 0.145865
75.5 0.14646
75.6 0.146006
75.7 0.146982
75.8 0.147607
75.9 0.147722
76 0.147919
76.1 0.148935
76.2 0.148998
76.3 0.147627
76.4 0.147494
76.5 0.146977
76.6 0.147664
76.7 0.148647
76.8 0.147879
76.9 0.147749
77 0.14932
77.1 0.148817
77.2 0.148229
77.3 0.148328
77.4 0.148474
77.5 0.149484
77.6 0.150337
77.7 0.150844
77.8 0.149148
77.9 0.151316
78 0.150692
78.1 0.150208
78.2 0.15003
78.3 0.149514
78.4 0.149971
78.5 0.148796
78.6 0.149738
78.7 0.149526
78.8 0.14873
78.9 0.150755
79 0.15147
79.1 0.150591
79.2 0.15104
79.3 0.151076
79.4 0.150268
79.5 0.150737
79.6 0.151728
79.7 0.150516
79.8 0.150057
79.9 0.149567
80 0.148599
80.1 0.148657
80.2 0.149397
80.3 0.149705
80.4 0.150077
80.5 0.151635
80.6 0.152596
80.7 0.153593
80.8 0.152058
80.9 0.152769
81 0.152859
81.1 0.152741
81.2 0.154885
81.3 0.155437
81.4 0.153812
81.5 0.156513
81.6 0.156307
81.7 0.155083
81.8 0.157221
81.9 0.155839
82 0.156988
82.1 0.155759
82.2 0.155798
82.3 0.155363
82.4 0.155745
82.5 0.155354
82.6 0.155429
82.7 0.155699
82.8 0.154509
82.9 0.155776
83 0.156685
83.1 0.156621
83.2 0.155504
83.3 0.155996
83.4 0.155509
83.5 0.155846
83.6 0.155513
83.7 0.155499
83.8 0.154936
83.9 0.154641
84 0.154326
84.1 0.153185
84.2 0.153658
84.3 0.155109
84.4 0.156122
84.5 0.155932
84.6 0.155603
84.7 0.155173
84.8 0.155242
84.9 0.155923
85 0.156964
85.1 0.158642
85.2 0.160897
85.3 0.160854
85.4 0.161855
85.5 0.162881
85.6 0.162962
85.7 0.161421
85.8 0.161662
85.9 0.161311
86 0.162979
86.1 0.163844
86.2 0.161843
86.3 0.160586
86.4 0.161343
86.5 0.162085
86.6 0.161097
86.7 0.164121
86.8 0.164558
86.9 0.164365
87 0.164957
87.1 0.165637
87.2 0.164684
87.3 0.166077
87.4 0.165547
87.5 0.165475
87.6 0.165269
87.7 0.166869
87.8 0.165063
87.9 0.166438
88 0.166374
88.1 0.166185
88.2 0.166606
88.3 0.16664
88.4 0.167139
88.5 0.168837
88.6 0.169177
88.7 0.168173
88.8 0.165598
88.9 0.167257
89 0.168751
89.1 0.169925
89.2 0.169737
89.3 0.168615
89.4 0.168686
89.5 0.170381
89.6 0.169436
89.7 0.172515
89.8 0.172493
89.9 0.173986
90 0.175258
90.1 0.177708
90.2 0.179817
90.3 0.177343
90.4 0.178224
90.5 0.176069
90.6 0.177505
90.7 0.176973
90.8 0.17761
90.9 0.176679
91 0.175206
91.1 0.174079
91.2 0.175878
91.3 0.176044
91.4 0.177137
91.5 0.176799
91.6 0.176947
91.7 0.175474
91.8 0.175595
91.9 0.177957
92 0.176891
92.1 0.177091
92.2 0.180084
92.3 0.18056
92.4 0.180273
92.5 0.181474
92.6 0.179607
92.7 0.179663
92.8 0.179841
92.9 0.179085
93 0.179677
93.1 0.179623
93.2 0.175859
93.3 0.17506
93.4 0.175841
93.5 0.174121
93.6 0.17485
93.7 0.175063
93.8 0.178039
93.9 0.17807
94 0.176688
94.1 0.175159
94.2 0.177323
94.3 0.17878
94.4 0.178964
94.5 0.181331
94.6 0.180215
94.7 0.179917
94.8 0.181022
94.9 0.181032
95 0.182308
95.1 0.182357
95.2 0.183993
95.3 0.179371
95.4 0.181508
95.5 0.183864
95.6 0.183612
95.7 0.184906
95.8 0.183113
95.9 0.183099
96 0.18165
96.1 0.18092
96.2 0.184501
96.3 0.1814
96.4 0.183251
96.5 0.185631
96.6 0.184445
96.7 0.184349
96.8 0.184741
96.9 0.183432
97 0.183373
97.1 0.182442
97.2 0.183221
97.3 0.184736
97.4 0.186977
97.5 0.185316
97.6 0.185816
97.7 0.186015
97.8 0.183396
97.9 0.186262
98 0.186763
98.1 0.186329
98.2 0.188179
98.3 0.187092
98.4 0.187515
98.5 0.18969
98.6 0.188567
98.7 0.18924
98.8 0.190502
98.9 0.190585
99 0.189463
99.1 0.191461
99.2 0.190665
99.3 0.189451
99.4 0.190084
99.5 0.188844
99.6 0.190331
99.7 0.189545
99.8 0.188954
99.9 0.188591
100 0.188361
