10 100 0 0
9.836 99.836 0.164 0.164
9.693 99.693 0.307 0.307
9.557 99.557 0.443 0.443
9.442 99.442 0.558 0.558
9.32 99.32 0.68 0.68
9.219 99.219 0.781 0.781
9.119 99.119 0.881 0.881
9.026 99.026 0.974 0.974
8.941 98.941 1.059 1.059
8.841 98.841 1.159 1.159
8.747 98.747 1.253 1.253
8.675 98.675 1.325 1.325
8.589 98.589 1.411 1.411
8.51 98.51 1.49 1.49
8.431 98.431 1.569 1.569
8.359 98.359 1.641 1.641
8.29 98.29 1.71 1.71
8.217 98.217 1.783 1.783
8.149 98.149 1.851 1.851
8.084 98.084 1.916 1.916
8.018 98.018 1.982 1.982
7.949 97.949 2.051 2.051
7.887 97.887 2.113 2.113
7.833 97.833 2.167 2.167
7.788 97.788 2.212 2.212
7.743 97.743 2.257 2.257
7.673 97.673 2.327 2.327
7.601 97.601 2.399 2.399
7.54 97.54 2.46 2.46
7.479 97.479 2.521 2.521
7.423 97.423 2.577 2.577
7.362 97.362 2.638 2.638
7.307 97.307 2.693 2.693
7.255 97.255 2.745 2.745
7.207 97.207 2.793 2.793
7.154 97.154 2.846 2.846
7.103 97.103 2.897 2.897
7.053 97.053 2.947 2.947
7.007 97.007 2.993 2.993
6.958 96.958 3.042 3.042
6.916 96.916 3.084 3.084
6.877 96.877 3.123 3.123
6.846 96.846 3.154 3.154
6.81 96.81 3.19 3.19
6.762 96.762 3.238 3.238
6.711 96.711 3.289 3.289
6.675 96.675 3.325 3.325
6.625 96.625 3.375 3.375
6.579 96.579 3.421 3.421
6.534 96.534 3.466 3.466
6.493 96.493 3.507 3.507
6.451 96.451 3.549 3.549
6.412 96.412 3.588 3.588
6.37 96.37 3.63 3.63
6.314 96.314 3.686 3.686
6.276 96.276 3.724 3.724
6.229 96.229 3.771 3.771
6.192 96.192 3.808 3.808
6.152 96.152 3.848 3.848
6.102 96.102 3.898 3.898
6.066 96.066 3.934 3.934
6.026 96.026 3.974 3.974
5.986 95.986 4.014 4.014
5.949 95.949 4.051 4.051
5.914 95.914 4.086 4.086
5.867 95.867 4.133 4.133
5.83 95.83 4.17 4.17
5.796 95.796 4.204 4.204
5.765 95.765 4.235 4.235
5.734 95.734 4.266 4.266
5.698 95.698 4.302 4.302
5.659 95.659 4.341 4.341
5.63 95.63 4.37 4.37
5.598 95.598 4.402 4.402
5.565 95.565 4.435 4.435
5.532 95.532 4.468 4.468
5.495 95.495 4.505 4.505
5.467 95.467 4.533 4.533
5.431 95.431 4.569 4.569
5.4 95.4 4.6 4.6
5.365 95.365 4.635 4.635
5.333 95.333 4.667 4.667
5.308 95.308 4.692 4.692
5.264 95.264 4.736 4.736
5.229 95.229 4.771 4.771
5.206 95.206 4.794 4.794
5.17 95.17 4.83 4.83
5.138 95.138 4.862 4.862
5.114 95.114 4.886 4.886
5.084 95.084 4.916 4.916
5.059 95.059 4.941 4.941
5.024 95.024 4.976 4.976
4.999 94.999 5.001 5.001
4.969 94.969 5.031 5.031
4.935 94.935 5.065 5.065
4.904 94.904 5.096 5.096
4.874 94.874 5.126 5.126
4.841 94.841 5.159 5.159
4.803 94.803 5.197 5.197
4.772 94.772 5.228 5.228
4.739 94.739 5.261 5.261
4.713 94.713 5.287 5.287
4.683 94.683 5.317 5.317
4.659 94.659 5.341 5.341
4.629 94.629 5.371 5.371
4.606 94.606 5.394 5.394
4.587 94.587 5.413 5.413
4.558 94.558 5.442 5.442
4.535 94.535 5.465 5.465
4.514 94.514 5.486 5.486
4.478 94.478 5.522 5.522
4.456 94.456 5.544 5.544
4.434 94.434 5.566 5.566
4.411 94.411 5.589 5.589
4.386 94.386 5.614 5.614
4.364 94.364 5.636 5.636
4.334 94.334 5.666 5.666
4.315 94.315 5.685 5.685
4.291 94.291 5.709 5.709
4.263 94.263 5.737 5.737
4.23 94.23 5.77 5.77
4.208 94.208 5.792 5.792
4.184 94.184 5.816 5.816
4.158 94.158 5.842 5.842
4.144 94.144 5.856 5.856
4.121 94.121 5.879 5.879
4.097 94.097 5.903 5.903
4.07 94.07 5.93 5.93
4.049 94.049 5.951 5.951
4.025 94.025 5.975 5.975
4.009 94.009 5.991 5.991
3.989 93.989 6.011 6.011
3.962 93.962 6.038 6.038
3.937 93.937 6.063 6.063
3.919 93.919 6.081 6.081
3.896 93.896 6.104 6.104
3.873 93.873 6.127 6.127
3.848 93.848 6.152 6.152
3.826 93.826 6.174 6.174
3.803 93.803 6.197 6.197
3.776 93.776 6.224 6.224
3.746 93.746 6.254 6.254
3.725 93.725 6.275 6.275
3.703 93.703 6.297 6.297
3.681 93.681 6.319 6.319
3.659 93.659 6.341 6.341
3.633 93.633 6.367 6.367
3.61 93.61 6.39 6.39
3.59 93.59 6.41 6.41
3.561 93.561 6.439 6.439
3.541 93.541 6.459 6.459
3.524 93.524 6.476 6.476
3.508 93.508 6.492 6.492
3.496 93.496 6.504 6.504
3.477 93.477 6.523 6.523
3.461 93.461 6.539 6.539
3.44 93.44 6.56 6.56
3.423 93.423 6.577 6.577
3.401 93.401 6.599 6.599
3.382 93.382 6.618 6.618
3.36 93.36 6.64 6.64
3.35 93.35 6.65 6.65
3.332 93.332 6.668 6.668
3.316 93.316 6.684 6.684
3.299 93.299 6.701 6.701
3.279 93.279 6.721 6.721
3.25 93.25 6.75 6.75
3.231 93.231 6.769 6.769
3.215 93.215 6.785 6.785
3.198 93.198 6.802 6.802
3.183 93.183 6.817 6.817
3.167 93.167 6.833 6.833
3.158 93.158 6.842 6.842
3.141 93.141 6.859 6.859
3.127 93.127 6.873 6.873
3.113 93.113 6.887 6.887
3.101 93.101 6.899 6.899
3.091 93.091 6.909 6.909
3.071 93.071 6.929 6.929
3.06 93.06 6.94 6.94
3.042 93.042 6.958 6.958
3.023 93.023 6.977 6.977
3.007 93.007 6.993 6.993
2.986 92.986 7.014 7.014
2.975 92.975 7.025 7.025
2.964 92.964 7.036 7.036
2.942 92.942 7.058 7.058
2.921 92.921 7.079 7.079
2.915 92.915 7.085 7.085
2.894 92.894 7.106 7.106
2.876 92.876 7.124 7.124
2.868 92.868 7.132 7.132
2.852 92.852 7.148 7.148
2.835 92.835 7.165 7.165
2.815 92.815 7.185 7.185
2.8 92.8 7.2 7.2
2.786 92.786 7.214 7.214
2.774 92.774 7.226 7.226
2.766 92.766 7.234 7.234
2.748 92.748 7.252 7.252
2.731 92.731 7.269 7.269
2.713 92.713 7.287 7.287
2.695 92.695 7.305 7.305
2.677 92.677 7.323 7.323
2.663 92.663 7.337 7.337
2.658 92.658 7.342 7.342
2.643 92.643 7.357 7.357
2.634 92.634 7.366 7.366
2.625 92.625 7.375 7.375
2.613 92.613 7.387 7.387
2.606 92.606 7.394 7.394
2.593 92.593 7.407 7.407
2.583 92.583 7.417 7.417
2.566 92.566 7.434 7.434
2.557 92.557 7.443 7.443
2.543 92.543 7.457 7.457
2.537 92.537 7.463 7.463
2.529 92.529 7.471 7.471
2.521 92.521 7.479 7.479
2.509 92.509 7.491 7.491
2.497 92.497 7.503 7.503
2.489 92.489 7.511 7.511
2.472 92.472 7.528 7.528
2.459 92.459 7.541 7.541
2.446 92.446 7.554 7.554
2.432 92.432 7.568 7.568
2.418 92.418 7.582 7.582
2.402 92.402 7.598 7.598
2.391 92.391 7.609 7.609
2.376 92.376 7.624 7.624
2.37 92.37 7.63 7.63
2.364 92.364 7.636 7.636
2.353 92.353 7.647 7.647
2.344 92.344 7.656 7.656
2.327 92.327 7.673 7.673
2.322 92.322 7.678 7.678
2.311 92.311 7.689 7.689
2.301 92.301 7.699 7.699
2.286 92.286 7.714 7.714
2.276 92.276 7.724 7.724
2.258 92.258 7.742 7.742
2.237 92.237 7.763 7.763
2.218 92.218 7.782 7.782
2.206 92.206 7.794 7.794
2.195 92.195 7.805 7.805
2.187 92.187 7.813 7.813
2.178 92.178 7.822 7.822
2.161 92.161 7.839 7.839
2.151 92.151 7.849 7.849
2.14 92.14 7.86 7.86
2.128 92.128 7.872 7.872
2.118 92.118 7.882 7.882
2.109 92.109 7.891 7.891
2.098 92.098 7.902 7.902
2.087 92.087 7.913 7.913
2.072 92.072 7.928 7.928
2.061 92.061 7.939 7.939
2.055 92.055 7.945 7.945
2.045 92.045 7.955 7.955
2.028 92.028 7.972 7.972
2.017 92.017 7.983 7.983
2.002 92.002 7.998 7.998
1.993 91.993 8.007 8.007
1.983 91.983 8.017 8.017
1.976 91.976 8.024 8.024
1.972 91.972 8.028 8.028
1.964 91.964 8.036 8.036
1.951 91.951 8.049 8.049
1.941 91.941 8.059 8.059
1.935 91.935 8.065 8.065
1.924 91.924 8.076 8.076
1.909 91.909 8.091 8.091
1.902 91.902 8.098 8.098
1.889 91.889 8.111 8.111
1.881 91.881 8.119 8.119
1.874 91.874 8.126 8.126
1.863 91.863 8.137 8.137
1.856 91.856 8.144 8.144
1.852 91.852 8.148 8.148
1.839 91.839 8.161 8.161
1.832 91.832 8.168 8.168
1.828 91.828 8.172 8.172
1.824 91.824 8.176 8.176
1.816 91.816 8.184 8.184
1.808 91.808 8.192 8.192
1.798 91.798 8.202 8.202
1.793 91.793 8.207 8.207
1.785 91.785 8.215 8.215
1.776 91.776 8.224 8.224
1.761 91.761 8.239 8.239
1.752 91.752 8.248 8.248
1.744 91.744 8.256 8.256
1.737 91.737 8.263 8.263
1.731 91.731 8.269 8.269
1.719 91.719 8.281 8.281
1.711 91.711 8.289 8.289
1.706 91.706 8.294 8.294
1.702 91.702 8.298 8.298
1.697 91.697 8.303 8.303
1.689 91.689 8.311 8.311
1.68 91.68 8.32 8.32
1.673 91.673 8.327 8.327
1.666 91.666 8.334 8.334
1.66 91.66 8.34 8.34
1.655 91.655 8.345 8.345
1.646 91.646 8.354 8.354
1.638 91.638 8.362 8.362
1.634 91.634 8.366 8.366
1.625 91.625 8.375 8.375
1.612 91.612 8.388 8.388
1.606 91.606 8.394 8.394
1.593 91.593 8.407 8.407
1.587 91.587 8.413 8.413
1.578 91.578 8.422 8.422
1.57 91.57 8.43 8.43
1.567 91.567 8.433 8.433
1.558 91.558 8.442 8.442
1.552 91.552 8.448 8.448
1.546 91.546 8.454 8.454
1.537 91.537 8.463 8.463
1.529 91.529 8.471 8.471
1.525 91.525 8.475 8.475
1.516 91.516 8.484 8.484
1.511 91.511 8.489 8.489
1.503 91.503 8.497 8.497
1.496 91.496 8.504 8.504
1.487 91.487 8.513 8.513
1.477 91.477 8.523 8.523
1.471 91.471 8.529 8.529
1.46 91.46 8.54 8.54
1.453 91.453 8.547 8.547
1.447 91.447 8.553 8.553
1.444 91.444 8.556 8.556
1.439 91.439 8.561 8.561
1.433 91.433 8.567 8.567
1.429 91.429 8.571 8.571
1.423 91.423 8.577 8.577
1.415 91.415 8.585 8.585
1.407 91.407 8.593 8.593
1.403 91.403 8.597 8.597
1.398 91.398 8.602 8.602
1.392 91.392 8.608 8.608
1.385 91.385 8.615 8.615
1.379 91.379 8.621 8.621
1.372 91.372 8.628 8.628
1.366 91.366 8.634 8.634
1.36 91.36 8.64 8.64
1.355 91.355 8.645 8.645
1.346 91.346 8.654 8.654
1.34 91.34 8.66 8.66
1.332 91.332 8.668 8.668
1.321 91.321 8.679 8.679
1.313 91.313 8.687 8.687
1.308 91.308 8.692 8.692
1.303 91.303 8.697 8.697
1.291 91.291 8.709 8.709
1.279 91.279 8.721 8.721
1.263 91.263 8.737 8.737
1.257 91.257 8.743 8.743
1.251 91.251 8.749 8.749
1.242 91.242 8.758 8.758
1.232 91.232 8.768 8.768
1.227 91.227 8.773 8.773
1.218 91.218 8.782 8.782
1.215 91.215 8.785 8.785
1.208 91.208 8.792 8.792
1.203 91.203 8.797 8.797
1.195 91.195 8.805 8.805
1.193 91.193 8.807 8.807
1.189 91.189 8.811 8.811
1.18 91.18 8.82 8.82
1.176 91.176 8.824 8.824
1.171 91.171 8.829 8.829
1.166 91.166 8.834 8.834
1.164 91.164 8.836 8.836
1.161 91.161 8.839 8.839
1.154 91.154 8.846 8.846
1.147 91.147 8.853 8.853
1.142 91.142 8.858 8.858
1.139 91.139 8.861 8.861
1.133 91.133 8.867 8.867
1.13 91.13 8.87 8.87
1.129 91.129 8.871 8.871
1.127 91.127 8.873 8.873
1.124 91.124 8.876 8.876
1.117 91.117 8.883 8.883
1.111 91.111 8.889 8.889
1.11 91.11 8.89 8.89
1.104 91.104 8.896 8.896
1.096 91.096 8.904 8.904
1.09 91.09 8.91 8.91
1.081 91.081 8.919 8.919
1.073 91.073 8.927 8.927
1.071 91.071 8.929 8.929
1.065 91.065 8.935 8.935
1.061 91.061 8.939 8.939
1.058 91.058 8.942 8.942
1.054 91.054 8.946 8.946
1.049 91.049 8.951 8.951
1.048 91.048 8.952 8.952
1.044 91.044 8.956 8.956
1.041 91.041 8.959 8.959
1.037 91.037 8.963 8.963
1.035 91.035 8.965 8.965
1.028 91.028 8.972 8.972
1.024 91.024 8.976 8.976
1.015 91.015 8.985 8.985
1.009 91.009 8.991 8.991
1.008 91.008 8.992 8.992
0.997 90.997 9.003 9.003
0.997 90.997 9.003 9.003
0.994 90.994 9.006 9.006
0.99 90.99 9.01 9.01
0.986 90.986 9.014 9.014
0.981 90.981 9.019 9.019
0.977 90.977 9.023 9.023
0.974 90.974 9.026 9.026
0.966 90.966 9.034 9.034
0.961 90.961 9.039 9.039
0.957 90.957 9.043 9.043
0.954 90.954 9.046 9.046
0.95 90.95 9.05 9.05
0.944 90.944 9.056 9.056
0.94 90.94 9.06 9.06
0.94 90.94 9.06 9.06
0.936 90.936 9.064 9.064
0.933 90.933 9.067 9.067
0.928 90.928 9.072 9.072
0.926 90.926 9.074 9.074
0.924 90.924 9.076 9.076
0.921 90.921 9.079 9.079
0.921 90.921 9.079 9.079
0.913 90.913 9.087 9.087
0.91 90.91 9.09 9.09
0.905 90.905 9.095 9.095
0.901 90.901 9.099 9.099
0.896 90.896 9.104 9.104
0.89 90.89 9.11 9.11
0.887 90.887 9.113 9.113
0.884 90.884 9.116 9.116
0.881 90.881 9.119 9.119
0.879 90.879 9.121 9.121
0.876 90.876 9.124 9.124
0.874 90.874 9.126 9.126
0.87 90.87 9.13 9.13
0.868 90.868 9.132 9.132
0.863 90.863 9.137 9.137
0.86 90.86 9.14 9.14
0.855 90.855 9.145 9.145
0.853 90.853 9.147 9.147
0.851 90.851 9.149 9.149
0.846 90.846 9.154 9.154
0.842 90.842 9.158 9.158
0.839 90.839 9.161 9.161
0.838 90.838 9.162 9.162
0.834 90.834 9.166 9.166
0.829 90.829 9.171 9.171
0.825 90.825 9.175 9.175
0.82 90.82 9.18 9.18
0.815 90.815 9.185 9.185
0.809 90.809 9.191 9.191
0.805 90.805 9.195 9.195
0.802 90.802 9.198 9.198
0.802 90.802 9.198 9.198
0.798 90.798 9.202 9.202
0.79 90.79 9.21 9.21
0.789 90.789 9.211 9.211
0.785 90.785 9.215 9.215
0.783 90.783 9.217 9.217
0.782 90.782 9.218 9.218
0.779 90.779 9.221 9.221
0.776 90.776 9.224 9.224
0.77 90.77 9.23 9.23
0.768 90.768 9.232 9.232
0.767 90.767 9.233 9.233
0.763 90.763 9.237 9.237
0.76 90.76 9.24 9.24
0.758 90.758 9.242 9.242
0.754 90.754 9.246 9.246
0.749 90.749 9.251 9.251
0.746 90.746 9.254 9.254
0.743 90.743 9.257 9.257
0.741 90.741 9.259 9.259
0.734 90.734 9.266 9.266
0.729 90.729 9.271 9.271
0.727 90.727 9.273 9.273
0.723 90.723 9.277 9.277
0.721 90.721 9.279 9.279
0.719 90.719 9.281 9.281
0.717 90.717 9.283 9.283
0.716 90.716 9.284 9.284
0.711 90.711 9.289 9.289
0.708 90.708 9.292 9.292
0.705 90.705 9.295 9.295
0.703 90.703 9.297 9.297
0.701 90.701 9.299 9.299
0.696 90.696 9.304 9.304
0.691 90.691 9.309 9.309
0.687 90.687 9.313 9.313
0.682 90.682 9.318 9.318
0.677 90.677 9.323 9.323
0.674 90.674 9.326 9.326
0.672 90.672 9.328 9.328
0.669 90.669 9.331 9.331
0.667 90.667 9.333 9.333
0.666 90.666 9.334 9.334
0.664 90.664 9.336 9.336
0.659 90.659 9.341 9.341
0.657 90.657 9.343 9.343
0.653 90.653 9.347 9.347
0.653 90.653 9.347 9.347
0.651 90.651 9.349 9.349
0.649 90.649 9.351 9.351
0.644 90.644 9.356 9.356
0.639 90.639 9.361 9.361
0.637 90.637 9.363 9.363
0.636 90.636 9.364 9.364
0.632 90.632 9.368 9.368
0.632 90.632 9.368 9.368
0.628 90.628 9.372 9.372
0.626 90.626 9.374 9.374
0.622 90.622 9.378 9.378
0.618 90.618 9.382 9.382
0.616 90.616 9.384 9.384
0.612 90.612 9.388 9.388
0.608 90.608 9.392 9.392
0.607 90.607 9.393 9.393
0.605 90.605 9.395 9.395
0.603 90.603 9.397 9.397
0.601 90.601 9.399 9.399
0.598 90.598 9.402 9.402
0.595 90.595 9.405 9.405
0.592 90.592 9.408 9.408
0.587 90.587 9.413 9.413
0.586 90.586 9.414 9.414
0.586 90.586 9.414 9.414
0.584 90.584 9.416 9.416
0.583 90.583 9.417 9.417
0.583 90.583 9.417 9.417
0.581 90.581 9.419 9.419
0.577 90.577 9.423 9.423
0.575 90.575 9.425 9.425
0.574 90.574 9.426 9.426
0.568 90.568 9.432 9.432
0.566 90.566 9.434 9.434
0.562 90.562 9.438 9.438
0.561 90.561 9.439 9.439
0.56 90.56 9.44 9.44
0.559 90.559 9.441 9.441
0.559 90.559 9.441 9.441
0.559 90.559 9.441 9.441
0.559 90.559 9.441 9.441
0.557 90.557 9.443 9.443
0.555 90.555 9.445 9.445
0.552 90.552 9.448 9.448
0.552 90.552 9.448 9.448
0.551 90.551 9.449 9.449
0.549 90.549 9.451 9.451
0.548 90.548 9.452 9.452
0.544 90.544 9.456 9.456
0.54 90.54 9.46 9.46
0.539 90.539 9.461 9.461
0.539 90.539 9.461 9.461
0.539 90.539 9.461 9.461
0.535 90.535 9.465 9.465
0.534 90.534 9.466 9.466
0.534 90.534 9.466 9.466
0.532 90.532 9.468 9.468
0.53 90.53 9.47 9.47
0.527 90.527 9.473 9.473
0.524 90.524 9.476 9.476
0.524 90.524 9.476 9.476
0.522 90.522 9.478 9.478
0.521 90.521 9.479 9.479
0.519 90.519 9.481 9.481
0.515 90.515 9.485 9.485
0.514 90.514 9.486 9.486
0.511 90.511 9.489 9.489
0.51 90.51 9.49 9.49
0.508 90.508 9.492 9.492
0.508 90.508 9.492 9.492
0.504 90.504 9.496 9.496
0.503 90.503 9.497 9.497
0.503 90.503 9.497 9.497
0.5 90.5 9.5 9.5
0.498 90.498 9.502 9.502
0.493 90.493 9.507 9.507
0.492 90.492 9.508 9.508
0.492 90.492 9.508 9.508
0.488 90.488 9.512 9.512
0.486 90.486 9.514 9.514
0.484 90.484 9.516 9.516
0.484 90.484 9.516 9.516
0.481 90.481 9.519 9.519
0.479 90.479 9.521 9.521
0.479 90.479 9.521 9.521
0.475 90.475 9.525 9.525
0.475 90.475 9.525 9.525
0.474 90.474 9.526 9.526
0.47 90.47 9.53 9.53
0.47 90.47 9.53 9.53
0.468 90.468 9.532 9.532
0.465 90.465 9.535 9.535
0.465 90.465 9.535 9.535
0.463 90.463 9.537 9.537
0.46 90.46 9.54 9.54
0.457 90.457 9.543 9.543
0.457 90.457 9.543 9.543
0.455 90.455 9.545 9.545
0.455 90.455 9.545 9.545
0.454 90.454 9.546 9.546
0.452 90.452 9.548 9.548
0.452 90.452 9.548 9.548
0.451 90.451 9.549 9.549
0.451 90.451 9.549 9.549
0.45 90.45 9.55 9.55
0.447 90.447 9.553 9.553
0.446 90.446 9.554 9.554
0.442 90.442 9.558 9.558
0.442 90.442 9.558 9.558
0.439 90.439 9.561 9.561
0.437 90.437 9.563 9.563
0.433 90.433 9.567 9.567
0.432 90.432 9.568 9.568
0.431 90.431 9.569 9.569
0.429 90.429 9.571 9.571
0.426 90.426 9.574 9.574
0.422 90.422 9.578 9.578
0.42 90.42 9.58 9.58
0.419 90.419 9.581 9.581
0.416 90.416 9.584 9.584
0.412 90.412 9.588 9.588
0.41 90.41 9.59 9.59
0.409 90.409 9.591 9.591
0.408 90.408 9.592 9.592
0.406 90.406 9.594 9.594
0.402 90.402 9.598 9.598
0.401 90.401 9.599 9.599
0.398 90.398 9.602 9.602
0.397 90.397 9.603 9.603
0.396 90.396 9.604 9.604
0.394 90.394 9.606 9.606
0.391 90.391 9.609 9.609
0.39 90.39 9.61 9.61
0.388 90.388 9.612 9.612
0.383 90.383 9.617 9.617
0.382 90.382 9.618 9.618
0.381 90.381 9.619 9.619
0.38 90.38 9.62 9.62
0.38 90.38 9.62 9.62
0.376 90.376 9.624 9.624
0.374 90.374 9.626 9.626
0.373 90.373 9.627 9.627
0.373 90.373 9.627 9.627
0.373 90.373 9.627 9.627
0.371 90.371 9.629 9.629
0.371 90.371 9.629 9.629
0.371 90.371 9.629 9.629
0.369 90.369 9.631 9.631
0.367 90.367 9.633 9.633
0.364 90.364 9.636 9.636
0.361 90.361 9.639 9.639
0.359 90.359 9.641 9.641
0.357 90.357 9.643 9.643
0.357 90.357 9.643 9.643
0.356 90.356 9.644 9.644
0.355 90.355 9.645 9.645
0.353 90.353 9.647 9.647
0.351 90.351 9.649 9.649
0.349 90.349 9.651 9.651
0.348 90.348 9.652 9.652
0.344 90.344 9.656 9.656
0.344 90.344 9.656 9.656
0.343 90.343 9.657 9.657
0.343 90.343 9.657 9.657
0.343 90.343 9.657 9.657
0.342 90.342 9.658 9.658
0.34 90.34 9.66 9.66
0.339 90.339 9.661 9.661
0.337 90.337 9.663 9.663
0.337 90.337 9.663 9.663
0.336 90.336 9.664 9.664
0.333 90.333 9.667 9.667
0.331 90.331 9.669 9.669
0.33 90.33 9.67 9.67
0.329 90.329 9.671 9.671
0.325 90.325 9.675 9.675
0.325 90.325 9.675 9.675
0.324 90.324 9.676 9.676
0.323 90.323 9.677 9.677
0.323 90.323 9.677 9.677
0.322 90.322 9.678 9.678
0.319 90.319 9.681 9.681
0.319 90.319 9.681 9.681
0.318 90.318 9.682 9.682
0.315 90.315 9.685 9.685
0.315 90.315 9.685 9.685
0.312 90.312 9.688 9.688
0.312 90.312 9.688 9.688
0.312 90.312 9.688 9.688
0.31 90.31 9.69 9.69
0.308 90.308 9.692 9.692
0.305 90.305 9.695 9.695
0.305 90.305 9.695 9.695
0.304 90.304 9.696 9.696
0.301 90.301 9.699 9.699
0.3 90.3 9.7 9.7
0.299 90.299 9.701 9.701
0.298 90.298 9.702 9.702
0.296 90.296 9.704 9.704
0.295 90.295 9.705 9.705
0.294 90.294 9.706 9.706
0.294 90.294 9.706 9.706
0.294 90.294 9.706 9.706
0.293 90.293 9.707 9.707
0.29 90.29 9.71 9.71
0.289 90.289 9.711 9.711
0.286 90.286 9.714 9.714
0.286 90.286 9.714 9.714
0.285 90.285 9.715 9.715
0.284 90.284 9.716 9.716
0.283 90.283 9.717 9.717
0.283 90.283 9.717 9.717
0.283 90.283 9.717 9.717
0.283 90.283 9.717 9.717
0.282 90.282 9.718 9.718
0.282 90.282 9.718 9.718
0.282 90.282 9.718 9.718
0.282 90.282 9.718 9.718
0.28 90.28 9.72 9.72
0.279 90.279 9.721 9.721
0.279 90.279 9.721 9.721
0.278 90.278 9.722 9.722
0.278 90.278 9.722 9.722
0.275 90.275 9.725 9.725
0.274 90.274 9.726 9.726
0.274 90.274 9.726 9.726
0.272 90.272 9.728 9.728
0.271 90.271 9.729 9.729
0.269 90.269 9.731 9.731
0.269 90.269 9.731 9.731
0.267 90.267 9.733 9.733
0.267 90.267 9.733 9.733
0.266 90.266 9.734 9.734
0.266 90.266 9.734 9.734
0.265 90.265 9.735 9.735
0.265 90.265 9.735 9.735
0.265 90.265 9.735 9.735
0.264 90.264 9.736 9.736
0.263 90.263 9.737 9.737
0.261 90.261 9.739 9.739
0.261 90.261 9.739 9.739
0.26 90.26 9.74 9.74
0.26 90.26 9.74 9.74
0.26 90.26 9.74 9.74
0.26 90.26 9.74 9.74
0.259 90.259 9.741 9.741
0.259 90.259 9.741 9.741
0.256 90.256 9.744 9.744
0.255 90.255 9.745 9.745
0.253 90.253 9.747 9.747
0.252 90.252 9.748 9.748
0.252 90.252 9.748 9.748
0.25 90.25 9.75 9.75
0.25 90.25 9.75 9.75
0.249 90.249 9.751 9.751
0.247 90.247 9.753 9.753
0.247 90.247 9.753 9.753
0.247 90.247 9.753 9.753
0.245 90.245 9.755 9.755
0.245 90.245 9.755 9.755
0.242 90.242 9.758 9.758
0.242 90.242 9.758 9.758
0.242 90.242 9.758 9.758
0.241 90.241 9.759 9.759
0.241 90.241 9.759 9.759
0.24 90.24 9.76 9.76
0.24 90.24 9.76 9.76
0.239 90.239 9.761 9.761
0.239 90.239 9.761 9.761
0.239 90.239 9.761 9.761
0.238 90.238 9.762 9.762
0.237 90.237 9.763 9.763
0.237 90.237 9.763 9.763
0.237 90.237 9.763 9.763
0.236 90.236 9.764 9.764
0.234 90.234 9.766 9.766
0.234 90.234 9.766 9.766
0.232 90.232 9.768 9.768
0.231 90.231 9.769 9.769
0.23 90.23 9.77 9.77
0.229 90.229 9.771 9.771
0.229 90.229 9.771 9.771
0.228 90.228 9.772 9.772
0.228 90.228 9.772 9.772
0.226 90.226 9.774 9.774
0.225 90.225 9.775 9.775
0.225 90.225 9.775 9.775
0.224 90.224 9.776 9.776
0.224 90.224 9.776 9.776
0.223 90.223 9.777 9.777
0.223 90.223 9.777 9.777
0.223 90.223 9.777 9.777
0.221 90.221 9.779 9.779
0.221 90.221 9.779 9.779
0.219 90.219 9.781 9.781
0.219 90.219 9.781 9.781
0.218 90.218 9.782 9.782
0.218 90.218 9.782 9.782
0.216 90.216 9.784 9.784
0.216 90.216 9.784 9.784
0.215 90.215 9.785 9.785
0.214 90.214 9.786 9.786
0.212 90.212 9.788 9.788
0.211 90.211 9.789 9.789
0.21 90.21 9.79 9.79
0.21 90.21 9.79 9.79
0.21 90.21 9.79 9.79
0.21 90.21 9.79 9.79
0.208 90.208 9.792 9.792
0.208 90.208 9.792 9.792
0.208 90.208 9.792 9.792
0.206 90.206 9.794 9.794
0.205 90.205 9.795 9.795
0.205 90.205 9.795 9.795
0.205 90.205 9.795 9.795
0.205 90.205 9.795 9.795
0.203 90.203 9.797 9.797
0.203 90.203 9.797 9.797
0.203 90.203 9.797 9.797
0.203 90.203 9.797 9.797
0.202 90.202 9.798 9.798
0.202 90.202 9.798 9.798
0.202 90.202 9.798 9.798
0.201 90.201 9.799 9.799
0.201 90.201 9.799 9.799
0.201 90.201 9.799 9.799
0.201 90.201 9.799 9.799
0.198 90.198 9.802 9.802
0.198 90.198 9.802 9.802
0.197 90.197 9.803 9.803
0.197 90.197 9.803 9.803
0.196 90.196 9.804 9.804
0.195 90.195 9.805 9.805
0.195 90.195 9.805 9.805
0.195 90.195 9.805 9.805
0.193 90.193 9.807 9.807
0.193 90.193 9.807 9.807
0.193 90.193 9.807 9.807
0.193 90.193 9.807 9.807
0.191 90.191 9.809 9.809
0.189 90.189 9.811 9.811
0.188 90.188 9.812 9.812
0.187 90.187 9.813 9.813
0.187 90.187 9.813 9.813
0.186 90.186 9.814 9.814
0.183 90.183 9.817 9.817
0.181 90.181 9.819 9.819
0.18 90.18 9.82 9.82
0.18 90.18 9.82 9.82
0.179 90.179 9.821 9.821
0.178 90.178 9.822 9.822
0.178 90.178 9.822 9.822
0.177 90.177 9.823 9.823
0.177 90.177 9.823 9.823
0.176 90.176 9.824 9.824
0.176 90.176 9.824 9.824
0.175 90.175 9.825 9.825
0.174 90.174 9.826 9.826
0.173 90.173 9.827 9.827
0.173 90.173 9.827 9.827
0.173 90.173 9.827 9.827
0.173 90.173 9.827 9.827
0.172 90.172 9.828 9.828
0.172 90.172 9.828 9.828
0.17 90.17 9.83 9.83
0.169 90.169 9.831 9.831
0.169 90.169 9.831 9.831
0.169 90.169 9.831 9.831
0.166 90.166 9.834 9.834
0.165 90.165 9.835 9.835
0.165 90.165 9.835 9.835
0.165 90.165 9.835 9.835
0.163 90.163 9.837 9.837
0.163 90.163 9.837 9.837
0.163 90.163 9.837 9.837
0.163 90.163 9.837 9.837
0.162 90.162 9.838 9.838
0.161 90.161 9.839 9.839
0.16 90.16 9.84 9.84
0.159 90.159 9.841 9.841
0.159 90.159 9.841 9.841
0.159 90.159 9.841 9.841
0.159 90.159 9.841 9.841
0.158 90.158 9.842 9.842
0.156 90.156 9.844 9.844
0.156 90.156 9.844 9.844
0.156 90.156 9.844 9.844
0.156 90.156 9.844 9.844
0.155 90.155 9.845 9.845
0.155 90.155 9.845 9.845
0.154 90.154 9.846 9.846
0.153 90.153 9.847 9.847
0.153 90.153 9.847 9.847
0.152 90.152 9.848 9.848
0.152 90.152 9.848 9.848
0.152 90.152 9.848 9.848
0.152 90.152 9.848 9.848
0.151 90.151 9.849 9.849
0.151 90.151 9.849 9.849
0.15 90.15 9.85 9.85
0.15 90.15 9.85 9.85
0.15 90.15 9.85 9.85
0.148 90.148 9.852 9.852
0.146 90.146 9.854 9.854
0.146 90.146 9.854 9.854
0.146 90.146 9.854 9.854
0.146 90.146 9.854 9.854
0.146 90.146 9.854 9.854
0.146 90.146 9.854 9.854
0.146 90.146 9.854 9.854
0.146 90.146 9.854 9.854
0.143 90.143 9.857 9.857
0.143 90.143 9.857 9.857
0.143 90.143 9.857 9.857
0.143 90.143 9.857 9.857
0.142 90.142 9.858 9.858
0.141 90.141 9.859 9.859
0.14 90.14 9.86 9.86
0.14 90.14 9.86 9.86
0.14 90.14 9.86 9.86
0.139 90.139 9.861 9.861
0.139 90.139 9.861 9.861
0.139 90.139 9.861 9.861
0.138 90.138 9.862 9.862
0.137 90.137 9.863 9.863
0.137 90.137 9.863 9.863
0.137 90.137 9.863 9.863
0.137 90.137 9.863 9.863
0.137 90.137 9.863 9.863
0.137 90.137 9.863 9.863
0.136 90.136 9.864 9.864
0.135 90.135 9.865 9.865
0.135 90.135 9.865 9.865
0.135 90.135 9.865 9.865
0.133 90.133 9.867 9.867
0.132 90.132 9.868 9.868
0.132 90.132 9.868 9.868
0.132 90.132 9.868 9.868
0.13 90.13 9.87 9.87
0.13 90.13 9.87 9.87
0.129 90.129 9.871 9.871
0.128 90.128 9.872 9.872
0.126 90.126 9.874 9.874
0.125 90.125 9.875 9.875
0.125 90.125 9.875 9.875
0.125 90.125 9.875 9.875
0.122 90.122 9.878 9.878
0.122 90.122 9.878 9.878
0.122 90.122 9.878 9.878
0.121 90.121 9.879 9.879
0.121 90.121 9.879 9.879
0.12 90.12 9.88 9.88
0.12 90.12 9.88 9.88
0.119 90.119 9.881 9.881
0.118 90.118 9.882 9.882
0.117 90.117 9.883 9.883
0.117 90.117 9.883 9.883
0.117 90.117 9.883 9.883
0.116 90.116 9.884 9.884
0.116 90.116 9.884 9.884
0.115 90.115 9.885 9.885
0.115 90.115 9.885 9.885
0.115 90.115 9.885 9.885
0.115 90.115 9.885 9.885
0.114 90.114 9.886 9.886
0.114 90.114 9.886 9.886
0.112 90.112 9.888 9.888
0.112 90.112 9.888 9.888
0.111 90.111 9.889 9.889
0.108 90.108 9.892 9.892
0.108 90.108 9.892 9.892
0.108 90.108 9.892 9.892
0.107 90.107 9.893 9.893
0.107 90.107 9.893 9.893
0.107 90.107 9.893 9.893
0.107 90.107 9.893 9.893
0.107 90.107 9.893 9.893
0.107 90.107 9.893 9.893
0.107 90.107 9.893 9.893
0.107 90.107 9.893 9.893
0.106 90.106 9.894 9.894
0.106 90.106 9.894 9.894
0.105 90.105 9.895 9.895
0.104 90.104 9.896 9.896
0.104 90.104 9.896 9.896
0.104 90.104 9.896 9.896
0.104 90.104 9.896 9.896
0.103 90.103 9.897 9.897
0.103 90.103 9.897 9.897
0.102 90.102 9.898 9.898
0.101 90.101 9.899 9.899
0.1 90.1 9.9 9.9
0.1 90.1 9.9 9.9
0.1 90.1 9.9 9.9
0.1 90.1 9.9 9.9
0.1 90.1 9.9 9.9
0.1 90.1 9.9 9.9
0.1 90.1 9.9 9.9
0.1 90.1 9.9 9.9
0.1 90.1 9.9 9.9
0.099 90.099 9.901 9.901
0.099 90.099 9.901 9.901
0.099 90.099 9.901 9.901
0.098 90.098 9.902 9.902
0.098 90.098 9.902 9.902
0.098 90.098 9.902 9.902
0.098 90.098 9.902 9.902
0.098 90.098 9.902 9.902
0.098 90.098 9.902 9.902
0.098 90.098 9.902 9.902
0.097 90.097 9.903 9.903
0.096 90.096 9.904 9.904
0.095 90.095 9.905 9.905
0.095 90.095 9.905 9.905
0.095 90.095 9.905 9.905
0.095 90.095 9.905 9.905
0.095 90.095 9.905 9.905
0.095 90.095 9.905 9.905
0.095 90.095 9.905 9.905
0.094 90.094 9.906 9.906
0.094 90.094 9.906 9.906
0.094 90.094 9.906 9.906
0.094 90.094 9.906 9.906
0.094 90.094 9.906 9.906
0.094 90.094 9.906 9.906
0.094 90.094 9.906 9.906
0.093 90.093 9.907 9.907
0.092 90.092 9.908 9.908
0.092 90.092 9.908 9.908
0.091 90.091 9.909 9.909
0.091 90.091 9.909 9.909
0.091 90.091 9.909 9.909
0.091 90.091 9.909 9.909
0.091 90.091 9.909 9.909
0.091 90.091 9.909 9.909
0.091 90.091 9.909 9.909
0.09 90.09 9.91 9.91
0.09 90.09 9.91 9.91
0.09 90.09 9.91 9.91
0.09 90.09 9.91 9.91
0.09 90.09 9.91 9.91
0.089 90.089 9.911 9.911
0.089 90.089 9.911 9.911
0.089 90.089 9.911 9.911
0.089 90.089 9.911 9.911
0.088 90.088 9.912 9.912
0.088 90.088 9.912 9.912
0.088 90.088 9.912 9.912
0.088 90.088 9.912 9.912
0.088 90.088 9.912 9.912
0.086 90.086 9.914 9.914
0.086 90.086 9.914 9.914
0.086 90.086 9.914 9.914
0.086 90.086 9.914 9.914
0.086 90.086 9.914 9.914
0.086 90.086 9.914 9.914
0.086 90.086 9.914 9.914
0.086 90.086 9.914 9.914
0.086 90.086 9.914 9.914
0.085 90.085 9.915 9.915
0.085 90.085 9.915 9.915
0.085 90.085 9.915 9.915
0.085 90.085 9.915 9.915
0.084 90.084 9.916 9.916
0.084 90.084 9.916 9.916
0.084 90.084 9.916 9.916
0.084 90.084 9.916 9.916
0.084 90.084 9.916 9.916
0.084 90.084 9.916 9.916
0.084 90.084 9.916 9.916
0.084 90.084 9.916 9.916
0.084 90.084 9.916 9.916
0.084 90.084 9.916 9.916
0.084 90.084 9.916 9.916
0.084 90.084 9.916 9.916
0.084 90.084 9.916 9.916
0.083 90.083 9.917 9.917
0.082 90.082 9.918 9.918
0.081 90.081 9.919 9.919
0.081 90.081 9.919 9.919
0.08 90.08 9.92 9.92
0.08 90.08 9.92 9.92
0.08 90.08 9.92 9.92
0.08 90.08 9.92 9.92
0.08 90.08 9.92 9.92
0.08 90.08 9.92 9.92
0.08 90.08 9.92 9.92
0.08 90.08 9.92 9.92
0.08 90.08 9.92 9.92
0.08 90.08 9.92 9.92
0.08 90.08 9.92 9.92
0.079 90.079 9.921 9.921
0.078 90.078 9.922 9.922
0.077 90.077 9.923 9.923
0.077 90.077 9.923 9.923
0.077 90.077 9.923 9.923
0.076 90.076 9.924 9.924
0.076 90.076 9.924 9.924
0.076 90.076 9.924 9.924
0.076 90.076 9.924 9.924
0.076 90.076 9.924 9.924
0.076 90.076 9.924 9.924
0.076 90.076 9.924 9.924
0.076 90.076 9.924 9.924
0.076 90.076 9.924 9.924
0.076 90.076 9.924 9.924
0.076 90.076 9.924 9.924
0.076 90.076 9.924 9.924
0.076 90.076 9.924 9.924
0.076 90.076 9.924 9.924
0.076 90.076 9.924 9.924
0.075 90.075 9.925 9.925
0.075 90.075 9.925 9.925
0.075 90.075 9.925 9.925
0.075 90.075 9.925 9.925
0.074 90.074 9.926 9.926
0.073 90.073 9.927 9.927
0.072 90.072 9.928 9.928
0.072 90.072 9.928 9.928
0.072 90.072 9.928 9.928
0.072 90.072 9.928 9.928
0.072 90.072 9.928 9.928
0.072 90.072 9.928 9.928
0.072 90.072 9.928 9.928
0.072 90.072 9.928 9.928
0.072 90.072 9.928 9.928
0.071 90.071 9.929 9.929
0.071 90.071 9.929 9.929
0.071 90.071 9.929 9.929
0.069 90.069 9.931 9.931
0.069 90.069 9.931 9.931
0.068 90.068 9.932 9.932
0.068 90.068 9.932 9.932
0.068 90.068 9.932 9.932
0.068 90.068 9.932 9.932
0.068 90.068 9.932 9.932
0.068 90.068 9.932 9.932
0.068 90.068 9.932 9.932
0.068 90.068 9.932 9.932
0.068 90.068 9.932 9.932
0.067 90.067 9.933 9.933
0.066 90.066 9.934 9.934
0.066 90.066 9.934 9.934
0.066 90.066 9.934 9.934
0.066 90.066 9.934 9.934
0.066 90.066 9.934 9.934
0.066 90.066 9.934 9.934
0.066 90.066 9.934 9.934
0.066 90.066 9.934 9.934
0.066 90.066 9.934 9.934
0.066 90.066 9.934 9.934
0.065 90.065 9.935 9.935
0.065 90.065 9.935 9.935
0.065 90.065 9.935 9.935
0.065 90.065 9.935 9.935
0.064 90.064 9.936 9.936
0.064 90.064 9.936 9.936
0.064 90.064 9.936 9.936
0.064 90.064 9.936 9.936
0.064 90.064 9.936 9.936
0.064 90.064 9.936 9.936
0.064 90.064 9.936 9.936
0.064 90.064 9.936 9.936
0.063 90.063 9.937 9.937
0.063 90.063 9.937 9.937
0.063 90.063 9.937 9.937
0.063 90.063 9.937 9.937
0.062 90.062 9.938 9.938
0.061 90.061 9.939 9.939
0.061 90.061 9.939 9.939
0.061 90.061 9.939 9.939
0.061 90.061 9.939 9.939
0.061 90.061 9.939 9.939
0.06 90.06 9.94 9.94
0.06 90.06 9.94 9.94
0.06 90.06 9.94 9.94
0.06 90.06 9.94 9.94
0.06 90.06 9.94 9.94
0.06 90.06 9.94 9.94
0.06 90.06 9.94 9.94
0.06 90.06 9.94 9.94
0.06 90.06 9.94 9.94
0.06 90.06 9.94 9.94
0.06 90.06 9.94 9.94
0.06 90.06 9.94 9.94
0.06 90.06 9.94 9.94
0.059 90.059 9.941 9.941
0.059 90.059 9.941 9.941
0.059 90.059 9.941 9.941
0.058 90.058 9.942 9.942
0.058 90.058 9.942 9.942
0.058 90.058 9.942 9.942
0.058 90.058 9.942 9.942
0.058 90.058 9.942 9.942
0.058 90.058 9.942 9.942
0.058 90.058 9.942 9.942
0.057 90.057 9.943 9.943
0.057 90.057 9.943 9.943
0.057 90.057 9.943 9.943
0.057 90.057 9.943 9.943
0.057 90.057 9.943 9.943
0.057 90.057 9.943 9.943
0.055 90.055 9.945 9.945
0.055 90.055 9.945 9.945
0.055 90.055 9.945 9.945
0.055 90.055 9.945 9.945
0.055 90.055 9.945 9.945
0.055 90.055 9.945 9.945
0.055 90.055 9.945 9.945
0.055 90.055 9.945 9.945
0.055 90.055 9.945 9.945
0.055 90.055 9.945 9.945
0.055 90.055 9.945 9.945
0.055 90.055 9.945 9.945
0.055 90.055 9.945 9.945
0.055 90.055 9.945 9.945
0.055 90.055 9.945 9.945
0.054 90.054 9.946 9.946
0.054 90.054 9.946 9.946
0.053 90.053 9.947 9.947
0.053 90.053 9.947 9.947
0.053 90.053 9.947 9.947
0.052 90.052 9.948 9.948
0.052 90.052 9.948 9.948
0.052 90.052 9.948 9.948
0.052 90.052 9.948 9.948
0.051 90.051 9.949 9.949
0.051 90.051 9.949 9.949
0.051 90.051 9.949 9.949
0.051 90.051 9.949 9.949
0.051 90.051 9.949 9.949
0.051 90.051 9.949 9.949
0.051 90.051 9.949 9.949
0.051 90.051 9.949 9.949
0.051 90.051 9.949 9.949
0.051 90.051 9.949 9.949
0.051 90.051 9.949 9.949
0.051 90.051 9.949 9.949
0.051 90.051 9.949 9.949
0.051 90.051 9.949 9.949
0.051 90.051 9.949 9.949
0.051 90.051 9.949 9.949
0.051 90.051 9.949 9.949
0.051 90.051 9.949 9.949
0.051 90.051 9.949 9.949
0.051 90.051 9.949 9.949
0.051 90.051 9.949 9.949
0.05 90.05 9.95 9.95
0.05 90.05 9.95 9.95
0.05 90.05 9.95 9.95
0.05 90.05 9.95 9.95
0.05 90.05 9.95 9.95
0.05 90.05 9.95 9.95
0.05 90.05 9.95 9.95
0.05 90.05 9.95 9.95
0.049 90.049 9.951 9.951
0.049 90.049 9.951 9.951
0.049 90.049 9.951 9.951
0.047 90.047 9.953 9.953
0.047 90.047 9.953 9.953
0.047 90.047 9.953 9.953
0.047 90.047 9.953 9.953
0.047 90.047 9.953 9.953
0.047 90.047 9.953 9.953
0.047 90.047 9.953 9.953
0.047 90.047 9.953 9.953
0.047 90.047 9.953 9.953
0.047 90.047 9.953 9.953
0.047 90.047 9.953 9.953
0.047 90.047 9.953 9.953
0.047 90.047 9.953 9.953
0.047 90.047 9.953 9.953
0.047 90.047 9.953 9.953
0.047 90.047 9.953 9.953
0.047 90.047 9.953 9.953
0.047 90.047 9.953 9.953
0.047 90.047 9.953 9.953
0.047 90.047 9.953 9.953
0.047 90.047 9.953 9.953
0.047 90.047 9.953 9.953
0.047 90.047 9.953 9.953
0.046 90.046 9.954 9.954
0.046 90.046 9.954 9.954
0.045 90.045 9.955 9.955
0.045 90.045 9.955 9.955
0.045 90.045 9.955 9.955
0.044 90.044 9.956 9.956
0.044 90.044 9.956 9.956
0.044 90.044 9.956 9.956
0.044 90.044 9.956 9.956
0.044 90.044 9.956 9.956
0.044 90.044 9.956 9.956
0.044 90.044 9.956 9.956
0.044 90.044 9.956 9.956
0.044 90.044 9.956 9.956
0.044 90.044 9.956 9.956
0.044 90.044 9.956 9.956
0.044 90.044 9.956 9.956
0.044 90.044 9.956 9.956
0.044 90.044 9.956 9.956
0.044 90.044 9.956 9.956
0.043 90.043 9.957 9.957
0.043 90.043 9.957 9.957
0.043 90.043 9.957 9.957
0.043 90.043 9.957 9.957
0.043 90.043 9.957 9.957
0.043 90.043 9.957 9.957
0.043 90.043 9.957 9.957
0.043 90.043 9.957 9.957
0.042 90.042 9.958 9.958
0.042 90.042 9.958 9.958
0.042 90.042 9.958 9.958
0.042 90.042 9.958 9.958
0.042 90.042 9.958 9.958
0.042 90.042 9.958 9.958
0.042 90.042 9.958 9.958
0.041 90.041 9.959 9.959
0.041 90.041 9.959 9.959
0.041 90.041 9.959 9.959
0.04 90.04 9.96 9.96
0.039 90.039 9.961 9.961
0.039 90.039 9.961 9.961
0.039 90.039 9.961 9.961
0.039 90.039 9.961 9.961
0.039 90.039 9.961 9.961
0.038 90.038 9.962 9.962
0.038 90.038 9.962 9.962
0.038 90.038 9.962 9.962
0.038 90.038 9.962 9.962
0.038 90.038 9.962 9.962
0.037 90.037 9.963 9.963
0.037 90.037 9.963 9.963
0.037 90.037 9.963 9.963
0.037 90.037 9.963 9.963
0.037 90.037 9.963 9.963
0.037 90.037 9.963 9.963
0.037 90.037 9.963 9.963
0.037 90.037 9.963 9.963
0.036 90.036 9.964 9.964
0.035 90.035 9.965 9.965
0.035 90.035 9.965 9.965
0.035 90.035 9.965 9.965
0.035 90.035 9.965 9.965
0.035 90.035 9.965 9.965
0.035 90.035 9.965 9.965
0.034 90.034 9.966 9.966
0.034 90.034 9.966 9.966
0.034 90.034 9.966 9.966
0.034 90.034 9.966 9.966
0.033 90.033 9.967 9.967
0.033 90.033 9.967 9.967
0.033 90.033 9.967 9.967
0.031 90.031 9.969 9.969
0.031 90.031 9.969 9.969
0.031 90.031 9.969 9.969
0.031 90.031 9.969 9.969
0.031 90.031 9.969 9.969
0.03 90.03 9.97 9.97
0.03 90.03 9.97 9.97
0.03 90.03 9.97 9.97
0.03 90.03 9.97 9.97
0.03 90.03 9.97 9.97
0.03 90.03 9.97 9.97
0.03 90.03 9.97 9.97
0.03 90.03 9.97 9.97
0.03 90.03 9.97 9.97
0.03 90.03 9.97 9.97
0.03 90.03 9.97 9.97
0.03 90.03 9.97 9.97
0.03 90.03 9.97 9.97
0.03 90.03 9.97 9.97
0.03 90.03 9.97 9.97
0.03 90.03 9.97 9.97
0.03 90.03 9.97 9.97
0.03 90.03 9.97 9.97
0.03 90.03 9.97 9.97
0.03 90.03 9.97 9.97
0.03 90.03 9.97 9.97
0.03 90.03 9.97 9.97
0.03 90.03 9.97 9.97
0.03 90.03 9.97 9.97
0.03 90.03 9.97 9.97
0.03 90.03 9.97 9.97
0.03 90.03 9.97 9.97
0.03 90.03 9.97 9.97
0.03 90.03 9.97 9.97
0.03 90.03 9.97 9.97
0.03 90.03 9.97 9.97
0.03 90.03 9.97 9.97
0.03 90.03 9.97 9.97
0.03 90.03 9.97 9.97
0.03 90.03 9.97 9.97
0.03 90.03 9.97 9.97
0.03 90.03 9.97 9.97
0.03 90.03 9.97 9.97
0.03 90.03 9.97 9.97
0.03 90.03 9.97 9.97
0.03 90.03 9.97 9.97
0.03 90.03 9.97 9.97
0.03 90.03 9.97 9.97
0.029 90.029 9.971 9.971
0.028 90.028 9.972 9.972
0.028 90.028 9.972 9.972
0.028 90.028 9.972 9.972
0.028 90.028 9.972 9.972
0.028 90.028 9.972 9.972
0.028 90.028 9.972 9.972
0.028 90.028 9.972 9.972
0.028 90.028 9.972 9.972
0.028 90.028 9.972 9.972
0.028 90.028 9.972 9.972
0.027 90.027 9.973 9.973
0.027 90.027 9.973 9.973
0.027 90.027 9.973 9.973
0.027 90.027 9.973 9.973
0.027 90.027 9.973 9.973
0.027 90.027 9.973 9.973
0.027 90.027 9.973 9.973
0.026 90.026 9.974 9.974
0.026 90.026 9.974 9.974
0.026 90.026 9.974 9.974
0.026 90.026 9.974 9.974
0.025 90.025 9.975 9.975
0.025 90.025 9.975 9.975
0.025 90.025 9.975 9.975
0.025 90.025 9.975 9.975
0.025 90.025 9.975 9.975
0.025 90.025 9.975 9.975
0.024 90.024 9.976 9.976
0.024 90.024 9.976 9.976
0.024 90.024 9.976 9.976
0.024 90.024 9.976 9.976
0.024 90.024 9.976 9.976
0.024 90.024 9.976 9.976
0.024 90.024 9.976 9.976
0.024 90.024 9.976 9.976
0.024 90.024 9.976 9.976
0.024 90.024 9.976 9.976
0.024 90.024 9.976 9.976
0.024 90.024 9.976 9.976
0.024 90.024 9.976 9.976
0.024 90.024 9.976 9.976
0.024 90.024 9.976 9.976
0.024 90.024 9.976 9.976
0.024 90.024 9.976 9.976
0.024 90.024 9.976 9.976
0.024 90.024 9.976 9.976
0.024 90.024 9.976 9.976
0.024 90.024 9.976 9.976
0.024 90.024 9.976 9.976
0.023 90.023 9.977 9.977
0.023 90.023 9.977 9.977
0.023 90.023 9.977 9.977
0.023 90.023 9.977 9.977
0.023 90.023 9.977 9.977
0.023 90.023 9.977 9.977
0.023 90.023 9.977 9.977
0.023 90.023 9.977 9.977
0.023 90.023 9.977 9.977
0.023 90.023 9.977 9.977
0.023 90.023 9.977 9.977
0.023 90.023 9.977 9.977
0.023 90.023 9.977 9.977
0.023 90.023 9.977 9.977
0.023 90.023 9.977 9.977
0.023 90.023 9.977 9.977
0.023 90.023 9.977 9.977
0.023 90.023 9.977 9.977
0.022 90.022 9.978 9.978
0.022 90.022 9.978 9.978
0.022 90.022 9.978 9.978
0.022 90.022 9.978 9.978
0.022 90.022 9.978 9.978
0.022 90.022 9.978 9.978
0.021 90.021 9.979 9.979
0.021 90.021 9.979 9.979
0.021 90.021 9.979 9.979
0.02 90.02 9.98 9.98
0.02 90.02 9.98 9.98
0.02 90.02 9.98 9.98
0.02 90.02 9.98 9.98
0.02 90.02 9.98 9.98
0.02 90.02 9.98 9.98
0.02 90.02 9.98 9.98
0.02 90.02 9.98 9.98
0.02 90.02 9.98 9.98
0.02 90.02 9.98 9.98
0.02 90.02 9.98 9.98
0.02 90.02 9.98 9.98
0.02 90.02 9.98 9.98
0.02 90.02 9.98 9.98
0.02 90.02 9.98 9.98
0.02 90.02 9.98 9.98
0.02 90.02 9.98 9.98
0.02 90.02 9.98 9.98
0.02 90.02 9.98 9.98
0.02 90.02 9.98 9.98
0.02 90.02 9.98 9.98
0.02 90.02 9.98 9.98
0.02 90.02 9.98 9.98
0.02 90.02 9.98 9.98
0.02 90.02 9.98 9.98
0.02 90.02 9.98 9.98
0.02 90.02 9.98 9.98
0.02 90.02 9.98 9.98
0.019 90.019 9.981 9.981
0.019 90.019 9.981 9.981
0.019 90.019 9.981 9.981
0.019 90.019 9.981 9.981
0.018 90.018 9.982 9.982
0.018 90.018 9.982 9.982
0.018 90.018 9.982 9.982
0.018 90.018 9.982 9.982
0.017 90.017 9.983 9.983
0.016 90.016 9.984 9.984
0.016 90.016 9.984 9.984
0.016 90.016 9.984 9.984
0.016 90.016 9.984 9.984
0.016 90.016 9.984 9.984
0.016 90.016 9.984 9.984
0.016 90.016 9.984 9.984
0.016 90.016 9.984 9.984
0.016 90.016 9.984 9.984
0.016 90.016 9.984 9.984
0.016 90.016 9.984 9.984
0.015 90.015 9.985 9.985
0.015 90.015 9.985 9.985
0.015 90.015 9.985 9.985
0.015 90.015 9.985 9.985
0.015 90.015 9.985 9.985
0.015 90.015 9.985 9.985
0.014 90.014 9.986 9.986
0.014 90.014 9.986 9.986
0.014 90.014 9.986 9.986
0.014 90.014 9.986 9.986
0.014 90.014 9.986 9.986
0.014 90.014 9.986 9.986
0.014 90.014 9.986 9.986
0.014 90.014 9.986 9.986
0.014 90.014 9.986 9.986
0.014 90.014 9.986 9.986
0.014 90.014 9.986 9.986
0.014 90.014 9.986 9.986
0.014 90.014 9.986 9.986
0.014 90.014 9.986 9.986
0.014 90.014 9.986 9.986
0.014 90.014 9.986 9.986
0.014 90.014 9.986 9.986
0.014 90.014 9.986 9.986
0.014 90.014 9.986 9.986
0.014 90.014 9.986 9.986
0.014 90.014 9.986 9.986
0.014 90.014 9.986 9.986
0.014 90.014 9.986 9.986
0.014 90.014 9.986 9.986
0.014 90.014 9.986 9.986
0.014 90.014 9.986 9.986
0.014 90.014 9.986 9.986
0.014 90.014 9.986 9.986
0.014 90.014 9.986 9.986
0.014 90.014 9.986 9.986
0.014 90.014 9.986 9.986
0.014 90.014 9.986 9.986
0.014 90.014 9.986 9.986
0.014 90.014 9.986 9.986
0.014 90.014 9.986 9.986
0.014 90.014 9.986 9.986
0.014 90.014 9.986 9.986
0.014 90.014 9.986 9.986
0.014 90.014 9.986 9.986
0.014 90.014 9.986 9.986
0.014 90.014 9.986 9.986
0.014 90.014 9.986 9.986
0.014 90.014 9.986 9.986
0.014 90.014 9.986 9.986
0.014 90.014 9.986 9.986
0.014 90.014 9.986 9.986
0.014 90.014 9.986 9.986
0.014 90.014 9.986 9.986
0.014 90.014 9.986 9.986
0.014 90.014 9.986 9.986
0.013 90.013 9.987 9.987
0.013 90.013 9.987 9.987
0.013 90.013 9.987 9.987
0.013 90.013 9.987 9.987
0.013 90.013 9.987 9.987
0.012 90.012 9.988 9.988
0.012 90.012 9.988 9.988
0.012 90.012 9.988 9.988
0.012 90.012 9.988 9.988
0.012 90.012 9.988 9.988
0.012 90.012 9.988 9.988
0.012 90.012 9.988 9.988
0.012 90.012 9.988 9.988
0.012 90.012 9.988 9.988
0.012 90.012 9.988 9.988
0.012 90.012 9.988 9.988
0.012 90.012 9.988 9.988
0.012 90.012 9.988 9.988
0.012 90.012 9.988 9.988
0.012 90.012 9.988 9.988
0.012 90.012 9.988 9.988
0.012 90.012 9.988 9.988
0.012 90.012 9.988 9.988
0.011 90.011 9.989 9.989
0.011 90.011 9.989 9.989
0.011 90.011 9.989 9.989
0.011 90.011 9.989 9.989
0.011 90.011 9.989 9.989
0.011 90.011 9.989 9.989
0.011 90.011 9.989 9.989
0.011 90.011 9.989 9.989
0.011 90.011 9.989 9.989
0.011 90.011 9.989 9.989
0.011 90.011 9.989 9.989
0.011 90.011 9.989 9.989
0.011 90.011 9.989 9.989
0.011 90.011 9.989 9.989
0.011 90.011 9.989 9.989
0.011 90.011 9.989 9.989
0.011 90.011 9.989 9.989
0.011 90.011 9.989 9.989
0.011 90.011 9.989 9.989
0.011 90.011 9.989 9.989
0.011 90.011 9.989 9.989
0.011 90.011 9.989 9.989
0.011 90.011 9.989 9.989
0.011 90.011 9.989 9.989
0.011 90.011 9.989 9.989
0.011 90.011 9.989 9.989
0.011 90.011 9.989 9.989
0.011 90.011 9.989 9.989
0.011 90.011 9.989 9.989
0.011 90.011 9.989 9.989
0.011 90.011 9.989 9.989
0.011 90.011 9.989 9.989
0.011 90.011 9.989 9.989
0.011 90.011 9.989 9.989
0.011 90.011 9.989 9.989
0.011 90.011 9.989 9.989
0.011 90.011 9.989 9.989
0.011 90.011 9.989 9.989
0.011 90.011 9.989 9.989
0.011 90.011 9.989 9.989
0.011 90.011 9.989 9.989
0.011 90.011 9.989 9.989
0.011 90.011 9.989 9.989
0.011 90.011 9.989 9.989
0.011 90.011 9.989 9.989
0.011 90.011 9.989 9.989
0.011 90.011 9.989 9.989
0.011 90.011 9.989 9.989
0.011 90.011 9.989 9.989
0.011 90.011 9.989 9.989
0.011 90.011 9.989 9.989
0.011 90.011 9.989 9.989
0.011 90.011 9.989 9.989
0.011 90.011 9.989 9.989
0.011 90.011 9.989 9.989
0.011 90.011 9.989 9.989
0.011 90.011 9.989 9.989
0.011 90.011 9.989 9.989
0.011 90.011 9.989 9.989
0.011 90.011 9.989 9.989
0.011 90.011 9.989 9.989
0.011 90.011 9.989 9.989
0.011 90.011 9.989 9.989
0.011 90.011 9.989 9.989
0.011 90.011 9.989 9.989
0.011 90.011 9.989 9.989
0.011 90.011 9.989 9.989
0.011 90.011 9.989 9.989
0.01 90.01 9.99 9.99
0.01 90.01 9.99 9.99
0.01 90.01 9.99 9.99
0.01 90.01 9.99 9.99
0.01 90.01 9.99 9.99
0.01 90.01 9.99 9.99
0.01 90.01 9.99 9.99
0.01 90.01 9.99 9.99
0.009 90.009 9.991 9.991
0.009 90.009 9.991 9.991
0.009 90.009 9.991 9.991
0.009 90.009 9.991 9.991
0.009 90.009 9.991 9.991
0.009 90.009 9.991 9.991
0.009 90.009 9.991 9.991
0.009 90.009 9.991 9.991
0.009 90.009 9.991 9.991
0.009 90.009 9.991 9.991
0.009 90.009 9.991 9.991
0.009 90.009 9.991 9.991
0.008 90.008 9.992 9.992
0.008 90.008 9.992 9.992
0.008 90.008 9.992 9.992
0.008 90.008 9.992 9.992
0.008 90.008 9.992 9.992
0.008 90.008 9.992 9.992
0.008 90.008 9.992 9.992
0.008 90.008 9.992 9.992
0.008 90.008 9.992 9.992
0.008 90.008 9.992 9.992
0.008 90.008 9.992 9.992
0.008 90.008 9.992 9.992
0.008 90.008 9.992 9.992
0.008 90.008 9.992 9.992
0.008 90.008 9.992 9.992
0.008 90.008 9.992 9.992
0.008 90.008 9.992 9.992
0.008 90.008 9.992 9.992
0.008 90.008 9.992 9.992
0.008 90.008 9.992 9.992
0.008 90.008 9.992 9.992
0.008 90.008 9.992 9.992
0.007 90.007 9.993 9.993
0.007 90.007 9.993 9.993
0.007 90.007 9.993 9.993
0.007 90.007 9.993 9.993
0.007 90.007 9.993 9.993
0.007 90.007 9.993 9.993
0.007 90.007 9.993 9.993
0.007 90.007 9.993 9.993
0.007 90.007 9.993 9.993
0.007 90.007 9.993 9.993
0.007 90.007 9.993 9.993
0.007 90.007 9.993 9.993
0.007 90.007 9.993 9.993
0.007 90.007 9.993 9.993
0.007 90.007 9.993 9.993
0.007 90.007 9.993 9.993
0.007 90.007 9.993 9.993
0.007 90.007 9.993 9.993
0.007 90.007 9.993 9.993
0.007 90.007 9.993 9.993
0.007 90.007 9.993 9.993
0.007 90.007 9.993 9.993
0.007 90.007 9.993 9.993
0.007 90.007 9.993 9.993
0.007 90.007 9.993 9.993
0.007 90.007 9.993 9.993
0.007 90.007 9.993 9.993
0.007 90.007 9.993 9.993
0.007 90.007 9.993 9.993
0.007 90.007 9.993 9.993
0.007 90.007 9.993 9.993
0.007 90.007 9.993 9.993
0.007 90.007 9.993 9.993
0.007 90.007 9.993 9.993
0.007 90.007 9.993 9.993
0.007 90.007 9.993 9.993
0.007 90.007 9.993 9.993
0.007 90.007 9.993 9.993
0.007 90.007 9.993 9.993
0.007 90.007 9.993 9.993
0.007 90.007 9.993 9.993
0.007 90.007 9.993 9.993
0.007 90.007 9.993 9.993
0.007 90.007 9.993 9.993
0.007 90.007 9.993 9.993
0.007 90.007 9.993 9.993
0.007 90.007 9.993 9.993
0.007 90.007 9.993 9.993
0.007 90.007 9.993 9.993
0.007 90.007 9.993 9.993
0.007 90.007 9.993 9.993
0.007 90.007 9.993 9.993
0.007 90.007 9.993 9.993
0.007 90.007 9.993 9.993
0.006 90.006 9.994 9.994
0.006 90.006 9.994 9.994
0.006 90.006 9.994 9.994
0.006 90.006 9.994 9.994
0.006 90.006 9.994 9.994
0.006 90.006 9.994 9.994
0.006 90.006 9.994 9.994
0.006 90.006 9.994 9.994
0.006 90.006 9.994 9.994
0.006 90.006 9.994 9.994
0.006 90.006 9.994 9.994
0.006 90.006 9.994 9.994
0.006 90.006 9.994 9.994
0.006 90.006 9.994 9.994
0.006 90.006 9.994 9.994
0.006 90.006 9.994 9.994
0.006 90.006 9.994 9.994
0.006 90.006 9.994 9.994
0.006 90.006 9.994 9.994
0.006 90.006 9.994 9.994
0.006 90.006 9.994 9.994
0.006 90.006 9.994 9.994
0.005 90.005 9.995 9.995
0.005 90.005 9.995 9.995
0.005 90.005 9.995 9.995
0.005 90.005 9.995 9.995
0.005 90.005 9.995 9.995
0.005 90.005 9.995 9.995
0.005 90.005 9.995 9.995
0.005 90.005 9.995 9.995
0.005 90.005 9.995 9.995
0.005 90.005 9.995 9.995
0.005 90.005 9.995 9.995
0.005 90.005 9.995 9.995
0.005 90.005 9.995 9.995
0.005 90.005 9.995 9.995
0.005 90.005 9.995 9.995
0.005 90.005 9.995 9.995
0.005 90.005 9.995 9.995
0.005 90.005 9.995 9.995
0.005 90.005 9.995 9.995
0.005 90.005 9.995 9.995
0.005 90.005 9.995 9.995
0.005 90.005 9.995 9.995
0.005 90.005 9.995 9.995
0.005 90.005 9.995 9.995
0.005 90.005 9.995 9.995
0.005 90.005 9.995 9.995
0.005 90.005 9.995 9.995
0.005 90.005 9.995 9.995
0.005 90.005 9.995 9.995
0.005 90.005 9.995 9.995
0.005 90.005 9.995 9.995
0.005 90.005 9.995 9.995
0.005 90.005 9.995 9.995
0.004 90.004 9.996 9.996
0.004 90.004 9.996 9.996
0.004 90.004 9.996 9.996
0.004 90.004 9.996 9.996
0.004 90.004 9.996 9.996
0.004 90.004 9.996 9.996
0.004 90.004 9.996 9.996
0.004 90.004 9.996 9.996
0.004 90.004 9.996 9.996
0.004 90.004 9.996 9.996
0.004 90.004 9.996 9.996
0.004 90.004 9.996 9.996
0.004 90.004 9.996 9.996
0.004 90.004 9.996 9.996
0.004 90.004 9.996 9.996
0.004 90.004 9.996 9.996
0.004 90.004 9.996 9.996
0.004 90.004 9.996 9.996
0.004 90.004 9.996 9.996
0.004 90.004 9.996 9.996
0.004 90.004 9.996 9.996
0.004 90.004 9.996 9.996
0.004 90.004 9.996 9.996
0.004 90.004 9.996 9.996
0.004 90.004 9.996 9.996
0.004 90.004 9.996 9.996
0.004 90.004 9.996 9.996
0.004 90.004 9.996 9.996
0.004 90.004 9.996 9.996
0.004 90.004 9.996 9.996
0.004 90.004 9.996 9.996
0.004 90.004 9.996 9.996
0.004 90.004 9.996 9.996
0.004 90.004 9.996 9.996
0.004 90.004 9.996 9.996
0.004 90.004 9.996 9.996
0.004 90.004 9.996 9.996
0.004 90.004 9.996 9.996
0.004 90.004 9.996 9.996
0.004 90.004 9.996 9.996
0.004 90.004 9.996 9.996
0.004 90.004 9.996 9.996
0.004 90.004 9.996 9.996
0.004 90.004 9.996 9.996
0.004 90.004 9.996 9.996
0.004 90.004 9.996 9.996
0.004 90.004 9.996 9.996
0.004 90.004 9.996 9.996
0.004 90.004 9.996 9.996
0.004 90.004 9.996 9.996
0.004 90.004 9.996 9.996
0.004 90.004 9.996 9.996
0.004 90.004 9.996 9.996
0.004 90.004 9.996 9.996
0.004 90.004 9.996 9.996
0.004 90.004 9.996 9.996
0.004 90.004 9.996 9.996
0.004 90.004 9.996 9.996
0.004 90.004 9.996 9.996
0.004 90.004 9.996 9.996
0.004 90.004 9.996 9.996
0.004 90.004 9.996 9.996
0.004 90.004 9.996 9.996
0.004 90.004 9.996 9.996
0.004 90.004 9.996 9.996
0.004 90.004 9.996 9.996
0.004 90.004 9.996 9.996
0.004 90.004 9.996 9.996
0.004 90.004 9.996 9.996
0.004 90.004 9.996 9.996
0.004 90.004 9.996 9.996
0.004 90.004 9.996 9.996
0.004 90.004 9.996 9.996
0.004 90.004 9.996 9.996
0.004 90.004 9.996 9.996
0.004 90.004 9.996 9.996
0.004 90.004 9.996 9.996
0.003 90.003 9.997 9.997
0.003 90.003 9.997 9.997
0.003 90.003 9.997 9.997
0.003 90.003 9.997 9.997
0.003 90.003 9.997 9.997
0.003 90.003 9.997 9.997
0.003 90.003 9.997 9.997
0.003 90.003 9.997 9.997
0.003 90.003 9.997 9.997
0.003 90.003 9.997 9.997
0.003 90.003 9.997 9.997
0.003 90.003 9.997 9.997
0.003 90.003 9.997 9.997
0.003 90.003 9.997 9.997
0.003 90.003 9.997 9.997
0.003 90.003 9.997 9.997
0.003 90.003 9.997 9.997
0.003 90.003 9.997 9.997
0.003 90.003 9.997 9.997
0.002 90.002 9.998 9.998
0.002 90.002 9.998 9.998
0.002 90.002 9.998 9.998
0.002 90.002 9.998 9.998
0.002 90.002 9.998 9.998
0.002 90.002 9.998 9.998
0.002 90.002 9.998 9.998
0.002 90.002 9.998 9.998
0.002 90.002 9.998 9.998
0.001 90.001 9.999 9.999
0.001 90.001 9.999 9.999
0.001 90.001 9.999 9.999
0.001 90.001 9.999 9.999
0.001 90.001 9.999 9.999
0.001 90.001 9.999 9.999
0.001 90.001 9.999 9.999
0.001 90.001 9.999 9.999
0.001 90.001 9.999 9.999
0.001 90.001 9.999 9.999
0.001 90.001 9.999 9.999
0.001 90.001 9.999 9.999
0.001 90.001 9.999 9.999
0.001 90.001 9.999 9.999
0.001 90.001 9.999 9.999
0.001 90.001 9.999 9.999
0.001 90.001 9.999 9.999
0.001 90.001 9.999 9.999
0.001 90.001 9.999 9.999
0.001 90.001 9.999 9.999
0.001 90.001 9.999 9.999
0.001 90.001 9.999 9.999
0.001 90.001 9.999 9.999
0.001 90.001 9.999 9.999
0.001 90.001 9.999 9.999
0.001 90.001 9.999 9.999
0.001 90.001 9.999 9.999
0.001 90.001 9.999 9.999
0.001 90.001 9.999 9.999
0.001 90.001 9.999 9.999
0.001 90.001 9.999 9.999
0.001 90.001 9.999 9.999
0.001 90.001 9.999 9.999
0.001 90.001 9.999 9.999
0.001 90.001 9.999 9.999
0.001 90.001 9.999 9.999
0.001 90.001 9.999 9.999
0.001 90.001 9.999 9.999
0.001 90.001 9.999 9.999
0.001 90.001 9.999 9.999
0.001 90.001 9.999 9.999
0.001 90.001 9.999 9.999
0.001 90.001 9.999 9.999
0.001 90.001 9.999 9.999
0.001 90.001 9.999 9.999
0.001 90.001 9.999 9.999
0.001 90.001 9.999 9.999
0.001 90.001 9.999 9.999
0.001 90.001 9.999 9.999
0.001 90.001 9.999 9.999
0.001 90.001 9.999 9.999
0.001 90.001 9.999 9.999
0.001 90.001 9.999 9.999
0.001 90.001 9.999 9.999
0.001 90.001 9.999 9.999
0.001 90.001 9.999 9.999
0.001 90.001 9.999 9.999
0.001 90.001 9.999 9.999
0.001 90.001 9.999 9.999
0.001 90.001 9.999 9.999
0.001 90.001 9.999 9.999
